0
0
0
0
0
0
0
0
0
0
0
0
0
0
0
0
0
0
0
2
2
2
2
2
6
6
18
18
18
18
18
18
18
18
18
18
18
18
18
18
18
18
18
18
18
7
18
18
18
18
18
18
7
7
18
7
18
18
18
18
18
18
18
18
18
18
18
18
18
18
18
18
18
18
18
18
18
18
18
18
18
18
18
18
18
18
18
18
18
18
18
18
18
18
18
18
18
18
18
18
18
18
18
18
18
18
18
18
18
18
18
18
18
18
19
10
10
10
10
10
10
18
18
18
18
18
18
18
18
18
18
18
18
18
18
18
3
18
18
18
18
18
18
18
18
3
3
3
18
18
18
18
18
3
3
3
18
18
18
18
18
18
18
18
18
18
18
18
18
18
18
18
11
3
3
3
11
11
11
3
12
3
13
13
12
13
13
13
13
18
13
18
18
18
18
18
18
18
18
18
18
18
18
18
18
18
18
18
18
18
18
18
18
18
18
18
18
18
18
3
18
3
18
18
18
18
18
18
18
3
18
18
14
14
14
4
4
4
4
4
4
18
4
18
18
18
18
18
18
18
18
18
18
18
18
18
18
18
18
18
18
18
18
18
18
18
18
18
18
18
18
18
18
18
18
18
18
18
18
18
4
18
18
4
18
5
18
5
5
5
5
18
5
18
18
18
18
18
18
18
18
18
18
18
18
18
18
18
18
18
18
18
18
18
18
18
18
18
18
18
18
18
18
18
18
18
18
18
18
18
18
18
5
5
5
5
5
5
5
5
18
18
18
18
18
18
18
18
18
18
18
18
18
18
18
18
18
18
18
18
18
18
18
18
18
18
18
18
18
18
18
18
18
18
18
18
18
18
18
18
18
18
18
18
18
18
18
18
18
18
18
18
18
18
18
18
18
18
18
18
18
18
18
18
18
18
18
18
18
18
18
18
18
18
18
15
15
15
16
16
16
16
16
16
16
16
16
16
16
16
16
16
16
16
16
16
16
11
12
14
14
17
19
19
