177 181
266 277
18 26
159 160
358 378
132 133
284 285
133 134
14 15
22 28
225 226
122 124
106 107
155 158
365 376
258 259
229 232
199 200
21 32
80 81
259 260
328 332
21 41
339 341
140 141
148 154
351 352
383 384
292 293
324 325
173 174
165 170
302 306
233 234
325 326
357 358
166 171
266 267
258 263
390 391
207 208
220 227
299 300
240 241
62 64
321 333
162 169
364 365
273 274
246 257
87 93
176 180
338 340
214 215
250 254
368 377
398 399
29 35
69 71
191 195
239 244
162 164
43 54
103 105
95 101
247 253
88 89
272 273
153 154
380 382
2 3
91 99
94 95
305 306
72 76
3 4
35 36
127 128
338 339
316 329
371 372
220 221
268 270
312 313
182 194
372 373
313 314
183 186
345 346
43 44
105 114
286 287
375 383
216 219
378 379
17 19
76 77
319 320
197 205
168 169
352 353
261 262
293 294
353 354
146 150
267 269
323 331
294 295
193 203
386 387
9 10
49 55
348 351
356 364
209 211
319 333
289 292
50 56
42 52
42 61
104 112
334 336
145 149
108 109
323 335
49 50
109 110
340 342
186 195
201 202
82 83
322 330
341 343
142 143
134 139
23 24
234 235
326 327
13 16
175 176
34 48
374 385
72 74
304 308
56 57
315 317
116 117
167 168
300 301
241 242
289 291
200 201
82 87
362 379
141 142
222 228
23 28
274 275
123 124
374 380
174 175
307 308
5 6
237 240
245 253
118 121
97 98
89 94
400 401
219 227
288 290
78 80
269 276
126 129
366 367
251 255
92 100
63 64
4 5
311 314
295 297
236 238
122 127
93 100
296 298
177 179
347 349
237 239
130 131
178 180
11 12
129 135
148 157
65 397
33 45
52 58
255 256
303 305
125 128
22 26
106 114
137 138
36 46
96 97
47 55
229 230
277 279
107 115
147 151
188 189
280 281
262 263
221 222
25 27
243 249
247 396
51 57
144 145
354 360
85 86
373 382
136 137
347 348
118 119
151 152
321 322
81 84
33 44
361 376
51 61
143 144
235 236
317 324
187 196
357 369
387 388
147 150
188 206
328 329
213 217
213 226
184 190
102 111
265 272
394 395
155 159
327 332
132 138
361 366
146 149
32 47
84 85
165 171
346 350
316 318
250 251
120 123
209 210
58 59
301 302
393 394
242 243
31 41
91 92
83 88
334 335
224 225
102 110
231 233
24 29
164 170
375 381
367 377
65 66
198 199
157 158
368 369
139 140
309 310
312 315
401 402
39 40
282 283
172 173
223 224
156 161
256 257
197 198
249 254
90 99
268 276
349 350
271 278
31 40
290 291
282 287
131 136
363 370
223 228
304 311
283 288
359 363
38 39
245 252
264 265
68 70
101 103
75 78
13 14
183 187
248 396
53 59
275 279
156 160
130 135
19 20
230 231
278 280
238 244
30 38
90 98
190 194
112 113
303 309
355 356
37 46
296 297
185 191
193 204
108 115
359 362
86 96
178 179
389 390
48 60
270 271
119 120
111 116
330 331
211 212
381 385
20 25
182 185
152 153
75 77
355 360
34 45
196 205
215 218
336 337
307 310
67 69
18 27
70 74
207 210
189 192
30 37
281 284
370 371
192 203
163 167
12 16
181 184
344 345
214 217
15 17
285 286
318 320
0 1
218 232
73 79
125 126
384 386
66 67
166 172
7 8
