283 284
67 68
42 57
260 279
108 121
156 170
199 205
196 197
38 53
274 281
114 118
293 294
155 156
39 60
143 163
197 198
279 286
27 34
141 175
192 193
137 138
160 167
232 238
289 290
73 74
18 19
41 51
229 230
26 32
33 47
294 295
81 96
133 134
20 22
207 211
142 155
280 281
0 7
290 291
251 254
132 135
111 112
214 216
149 160
15 16
120 124
47 48
221 231
226 227
50 56
268 269
42 52
188 191
181 185
144 145
264 265
48 49
237 248
57 61
74 77
291 292
103 113
66 73
123 125
195 196
106 118
109 117
158 165
215 217
276 288
16 17
177 178
257 262
136 137
81 82
223 239
292 293
64 75
90 94
284 289
269 270
154 161
107 119
226 241
77 78
84 93
222 231
65 67
86 99
97 99
68 72
109 110
13 14
204 210
206 207
151 152
45 46
198 203
110 111
115 132
30 36
238 251
50 51
201 202
25 31
266 267
258 263
243 244
147 148
180 182
146 159
190 192
78 79
23 24
191 200
31 37
69 76
239 249
138 139
129 136
131 133
161 168
1 5
143 162
115 134
79 80
37 44
232 237
189 202
54 60
224 233
64 70
105 108
116 117
220 229
208 209
199 206
222 235
80 87
204 205
214 215
53 54
221 230
278 282
184 190
296 297
128 130
200 201
102 120
219 223
182 183
145 164
29 35
246 250
297 298
43 61
103 112
113 114
159 166
49 56
121 127
169 176
274 275
170 175
10 12
27 28
252 256
253 255
158 164
270 271
236 248
146 147
211 212
203 208
3 9
4 8
254 256
271 272
263 268
87 88
6 9
152 153
141 162
17 20
179 180
212 213
172 174
11 13
259 264
244 245
28 29
235 242
148 149
179 189
85 90
62 70
88 89
63 69
185 186
32 38
82 91
24 34
277 278
272 273
33 55
116 126
101 107
176 177
97 100
104 106
153 154
186 187
217 218
0 6
2 3
225 234
65 71
83 86
94 95
71 75
157 163
119 124
209 210
72 76
58 59
35 36
41 52
246 247
220 228
43 58
150 151
95 96
169 173
39 45
242 243
187 188
233 240
19 21
252 253
213 216
91 92
122 125
236 245
224 225
93 98
183 184
193 194
168 174
257 261
165 166
4 5
285 286
84 89
260 266
26 44
150 171
40 46
276 277
234 241
102 105
122 127
40 55
261 267
63 66
249 250
194 195
139 140
240 247
25 30
258 262
21 23
275 287
101 104
167 171
130 131
144 157
282 283
227 228
172 173
129 135
273 280
11 12
287 288
83 92
265 285
123 128
85 98
7 8
