206 217
99 100
247 273
298 309
8 9
350 365
343 344
151 155
192 193
240 242
351 366
41 42
73 74
44 47
133 134
173 179
376 377
295 303
225 226
14 24
74 75
66 71
317 318
47 48
258 259
107 108
250 264
398 400
228 236
48 49
80 81
259 260
351 352
383 384
221 233
225 239
166 171
346 367
266 267
247 272
358 359
358 368
339 354
232 237
361 369
364 365
181 182
293 323
305 325
254 270
127 147
214 215
276 285
206 211
346 371
357 371
120 126
128 139
21 22
253 408
180 195
349 363
69 89
132 145
54 55
62 68
205 224
183 196
165 169
87 88
179 180
338 353
9 25
300 326
29 30
257 275
153 154
380 382
2 3
213 214
10 25
94 95
334 342
3 4
202 213
338 339
187 188
248 274
128 138
348 370
6 23
390 394
101 102
328 330
312 313
349 362
161 162
301 322
31 34
372 373
404 405
313 314
13 22
32 35
405 406
43 44
286 287
116 123
135 136
378 379
208 215
386 392
176 192
76 77
256 273
117 124
319 320
238 243
379 380
260 261
320 321
333 340
352 353
20 29
412 413
293 294
131 143
334 341
5 12
386 387
138 142
167 187
241 243
268 269
119 137
134 135
289 319
255 272
290 302
115 121
16 17
108 109
116 122
375 382
49 50
109 110
157 159
50 51
71 83
271 284
175 185
56 57
359 360
67 72
57 58
149 150
197 199
400 406
200 201
289 300
200 210
381 383
274 275
255 271
37 39
174 184
307 308
38 40
229 236
167 172
189 190
281 282
222 223
152 155
314 315
303 324
252 269
396 399
306 325
19 30
63 64
4 5
81 90
144 146
181 195
332 355
37 38
373 374
166 170
26 28
78 84
291 295
92 95
251 268
132 140
299 317
262 277
163 164
162 168
292 305
133 141
265 278
96 97
18 19
229 230
335 360
318 326
280 281
129 130
80 88
129 139
262 263
169 175
391 395
261 276
203 204
125 141
85 86
7 14
55 63
118 119
77 78
390 398
280 285
140 143
10 15
110 111
332 340
51 52
354 355
158 160
387 388
298 310
347 361
61 65
350 366
228 242
301 321
391 394
62 75
202 207
103 112
176 191
36 40
335 336
279 283
297 328
93 412
220 233
69 82
124 130
246 254
227 240
68 76
209 210
58 59
249 264
150 151
142 147
341 356
401 407
183 184
94 106
385 389
367 368
235 239
17 26
308 309
216 235
97 107
157 158
6 7
117 131
98 99
42 46
201 219
190 191
401 402
182 196
333 356
342 343
205 216
223 224
72 73
345 357
283 284
385 393
315 316
164 165
294 302
375 376
378 381
65 70
186 198
257 258
249 263
290 291
231 232
212 237
178 189
348 362
79 85
82 90
101 103
393 397
31 35
104 114
123 127
45 46
13 23
105 106
56 64
304 324
307 329
126 137
186 197
230 231
170 198
322 323
171 172
163 168
20 21
52 53
211 226
112 113
212 218
53 54
296 297
145 146
388 389
86 87
248 256
329 330
27 28
0 11
178 188
8 24
251 267
148 156
79 84
299 316
203 208
60 61
292 304
152 153
104 113
363 364
1 2
395 396
115 122
1 11
204 209
173 194
174 177
336 337
18 27
266 278
159 161
70 83
337 347
100 102
310 311
402 403
41 43
219 220
12 16
311 312
222 234
403 404
252 253
114 121
344 345
193 194
59 60
185 199
277 282
250 265
306 327
118 136
92 93
218 241
270 279
221 234
410 411
33 34
392 399
125 144
66 67
217 227
