137 145
457 464
67 68
159 160
8 9
48 54
251 252
299 301
477 478
450 461
343 344
351 357
41 42
313 321
133 134
133 143
376 377
181 192
74 75
484 486
106 107
244 248
265 280
524 531
15 16
47 48
258 259
517 519
99 104
159 164
180 196
369 373
458 460
220 241
251 256
291 292
140 141
399 401
383 384
443 444
184 193
475 476
292 293
25 38
173 174
413 421
254 257
225 239
166 171
206 207
136 139
298 299
509 510
358 359
390 391
207 208
520 528
239 240
199 204
450 451
339 345
542 543
221 228
313 320
181 182
424 425
276 285
287 294
128 130
21 22
220 231
113 114
80 89
339 340
331 336
54 55
483 488
146 147
32 45
453 456
413 420
87 88
84 101
346 348
394 397
28 29
179 189
486 489
136 138
368 372
379 381
419 426
490 495
169 171
213 214
221 227
234 246
62 63
472 474
342 346
94 95
102 108
305 306
234 255
154 155
3 4
397 398
35 36
445 447
187 188
467 471
227 233
430 431
68 69
235 246
128 129
279 289
530 536
479 481
349 353
309 317
161 162
331 335
153 158
282 290
533 537
131 139
423 427
194 195
474 478
146 155
453 455
43 44
323 327
43 53
497 498
127 132
135 145
338 343
394 396
208 215
76 86
319 320
489 490
371 376
260 261
508 512
142 153
20 38
2 11
504 505
463 464
193 203
526 538
176 178
49 55
327 328
157 164
419 420
50 56
460 467
352 357
134 144
222 238
525 532
16 26
534 537
185 203
216 218
496 501
49 50
109 110
418 429
201 202
408 415
71 74
79 87
521 530
101 105
219 228
12 24
182 197
175 176
56 57
482 485
116 117
126 130
167 168
266 290
97 103
149 150
456 459
30 31
241 242
30 40
200 201
370 374
141 142
31 32
392 398
123 124
522 535
395 403
64 65
506 508
307 308
518 519
359 364
229 245
507 509
300 305
510 511
278 286
440 446
281 282
513 516
71 82
289 295
222 223
454 457
433 434
392 393
514 517
122 123
484 494
417 431
407 408
358 363
520 523
499 500
170 172
100 104
262 264
63 64
399 400
521 524
200 209
491 492
33 41
81 90
93 100
296 298
325 334
85 96
288 294
465 466
226 230
59 62
188 194
147 156
29 39
498 499
11 12
310 317
410 422
73 81
33 45
462 469
332 341
454 465
173 177
3 13
66 69
468 476
354 365
137 138
428 430
67 70
269 275
7 37
269 284
210 216
80 88
272 286
111 112
148 161
443 451
162 163
232 249
324 332
51 57
254 255
405 415
236 237
365 369
487 493
273 295
177 178
206 214
266 274
347 348
350 353
439 440
180 189
77 78
210 211
531 532
169 170
380 381
92 103
151 152
472 473
110 111
321 322
491 495
232 244
523 527
73 89
51 52
494 500
324 336
432 436
84 95
354 364
235 236
279 288
96 105
387 388
406 410
390 393
309 316
328 329
268 287
121 125
18 539
205 213
91 102
361 362
154 158
165 167
302 303
424 427
416 423
135 144
338 342
17 18
9 23
17 36
76 85
209 215
350 352
488 542
2 10
383 385
91 97
253 257
10 23
475 477
361 366
13 25
405 409
217 218
375 377
497 501
143 152
117 118
198 204
335 340
168 172
58 59
191 192
150 151
190 196
242 243
412 416
205 212
224 225
183 184
83 106
385 389
183 202
315 330
5 15
378 386
276 277
179 195
149 163
249 250
98 99
42 46
268 272
301 306
190 191
401 402
39 40
360 373
219 245
404 407
504 512
223 224
434 435
283 284
315 316
526 527
367 372
65 70
507 513
459 473
197 198
260 263
312 319
441 442
433 438
404 411
274 283
75 83
374 379
72 77
267 271
445 448
72 86
534 535
444 452
5 14
285 297
300 304
356 366
157 166
437 449
448 449
400 409
82 90
333 337
441 446
311 318
411 414
314 323
131 140
382 387
482 483
506 511
518 522
367 371
46 47
78 79
378 380
515 516
230 231
529 536
333 341
52 53
60 66
112 113
355 356
115 118
485 493
1 7
233 250
296 297
466 470
388 389
26 27
237 238
226 247
480 481
329 330
418 426
27 28
437 439
421 422
0 20
270 271
119 120
278 293
211 212
60 61
462 468
303 304
514 515
395 396
355 360
525 533
93 94
463 469
447 452
503 505
325 337
185 186
307 310
417 429
126 127
496 502
318 334
186 187
8 19
0 24
461 471
19 37
92 98
148 160
270 275
402 403
243 248
311 312
4 21
363 368
1 6
314 326
252 253
122 125
265 281
487 492
344 345
425 428
107 109
528 529
277 291
406 414
259 261
458 470
322 326
351 362
370 375
240 247
502 503
384 386
432 435
34 35
273 280
114 116
34 44
