99 100
358 360
366 373
167 173
100 101
343 344
331 342
41 42
133 134
173 179
225 226
74 75
122 124
166 167
174 180
15 16
226 227
107 108
347 355
128 140
147 162
48 49
291 292
351 352
92 110
192 197
313 316
292 293
232 251
233 234
325 326
206 207
335 339
266 267
147 148
298 308
210 213
299 300
240 241
33 37
324 329
3 5
181 182
51 54
364 365
273 274
135 160
7 11
21 22
268 271
320 327
80 89
10 12
205 206
54 55
224 237
305 311
364 369
3 9
124 128
87 88
87 97
28 29
198 202
57 74
120 121
368 372
6 10
220 235
272 273
239 248
280 286
153 154
169 180
62 63
94 95
154 155
35 36
246 247
116 119
95 96
302 309
294 314
187 188
68 69
160 161
268 270
161 162
102 112
334 346
345 346
94 108
194 195
105 114
84 91
275 287
378 379
245 264
227 228
76 77
348 356
168 169
58 65
30 46
260 261
349 357
352 353
312 317
261 262
253 258
353 354
24 26
53 71
375 378
117 119
86 113
238 247
79 83
42 43
134 135
334 336
16 17
175 190
93 111
145 158
193 207
178 191
201 202
63 70
82 83
142 143
52 69
274 280
115 116
123 129
24 25
56 57
315 317
366 377
86 103
300 301
149 150
218 231
230 242
267 380
90 91
182 183
333 343
141 142
31 32
215 216
93 110
307 308
185 193
156 157
288 313
5 6
248 249
340 350
148 149
281 282
163 165
211 214
12 14
222 223
284 293
1 4
122 123
85 92
70 76
348 349
339 358
192 196
233 251
373 374
45 51
365 370
244 260
55 64
277 284
199 203
130 131
369 376
170 176
210 212
200 204
324 328
137 138
96 97
18 19
188 189
170 171
129 130
80 88
262 263
221 222
351 359
25 27
81 89
81 98
144 145
146 164
103 104
195 196
106 118
136 137
276 306
136 155
269 279
228 229
0 2
380 381
151 152
321 322
146 159
194 208
254 259
143 144
217 237
357 360
338 356
287 310
172 179
102 111
361 362
345 354
125 131
17 18
106 117
158 164
371 375
372 376
39 50
290 306
43 47
84 85
223 243
254 258
286 299
276 291
335 340
58 59
301 302
150 151
101 109
50 73
78 382
331 333
39 45
172 178
224 225
183 184
32 33
231 242
175 189
283 289
367 368
275 303
176 190
65 75
198 199
249 250
139 140
98 99
341 342
61 68
2 9
13 15
72 73
315 316
38 44
295 383
230 241
289 290
79 90
281 304
282 305
283 288
229 253
319 326
209 213
71 72
278 294
370 377
330 341
171 177
219 235
104 114
133 159
13 14
56 64
53 77
105 115
323 328
367 371
216 220
256 265
138 139
49 61
19 20
322 323
20 21
60 66
52 62
23 26
112 113
303 309
204 205
244 259
296 297
304 310
318 321
38 47
285 296
329 330
297 307
197 201
238 239
200 203
362 363
211 212
4 8
219 234
271 272
255 264
152 153
37 41
185 186
344 359
336 355
245 246
177 191
277 278
126 127
337 338
186 187
337 347
44 48
311 312
221 257
141 157
34 40
325 332
166 168
174 181
59 60
318 320
250 265
285 295
107 118
0 1
40 46
218 232
270 279
132 156
240 256
132 165
243 252
125 126
255 263
34 35
66 67
217 236
7 8
