137 145
247 255
283 284
98 101
42 48
99 100
268 274
309 312
44 45
260 270
277 286
232 254
315 316
46 48
182 189
65 70
196 197
259 265
261 262
244 246
236 242
293 294
132 133
138 149
140 146
212 217
288 289
6 11
192 193
257 258
41 42
146 150
232 238
73 74
105 109
267 269
284 285
71 86
96 97
294 295
162 170
269 275
20 22
12 18
14 15
190 195
208 210
239 243
225 226
271 278
228 243
218 220
248 255
282 287
143 156
169 175
122 133
66 80
166 167
111 112
214 216
149 160
15 16
168 173
231 241
107 108
99 104
295 296
159 164
207 213
103 104
280 283
290 293
272 279
251 256
239 254
121 128
291 292
195 196
89 93
75 76
236 237
71 72
136 137
203 206
81 82
102 114
266 274
258 261
260 267
165 170
77 78
199 202
29 38
0 2
265 266
49 50
129 134
106 111
109 110
13 14
151 152
198 203
55 56
119 123
298 299
98 100
180 182
211 215
147 157
46 47
39 41
23 24
29 40
191 200
234 235
83 84
138 148
19 20
172 177
218 229
235 245
233 248
230 231
24 25
270 276
105 108
281 285
116 117
219 221
164 166
51 54
67 72
52 53
190 194
208 209
263 264
95 97
112 113
89 90
299 302
143 155
169 174
75 82
115 118
204 205
300 301
115 127
30 31
7 11
76 83
296 297
25 26
304 310
128 130
306 307
289 291
298 312
26 27
21 22
12 19
302 303
141 142
31 32
228 244
271 279
114 125
144 147
161 163
178 179
17 18
197 201
28 36
62 68
313 315
102 113
305 311
307 308
171 176
211 212
156 157
60 61
87 88
118 121
152 153
106 110
178 181
300 305
179 180
144 158
8 17
27 30
1 2
74 81
198 202
227 238
278 286
85 90
148 158
281 282
6 10
183 189
185 186
43 47
222 223
268 275
61 62
272 273
116 126
101 107
176 177
153 154
186 187
1 4
130 134
210 215
10 16
122 123
131 135
93 96
54 59
88 91
250 251
119 124
154 155
3 4
139 145
240 252
35 36
84 87
246 247
259 263
80 86
290 292
252 253
91 92
213 216
233 249
57 69
117 120
224 225
63 64
262 264
85 94
183 184
193 194
32 33
168 174
219 222
220 221
51 55
67 73
58 70
58 79
69 79
303 310
141 150
59 78
161 162
159 165
199 201
65 66
242 245
9 13
276 277
234 241
204 206
308 309
37 38
313 314
184 185
120 127
160 163
209 214
139 140
33 34
226 230
43 44
249 250
21 23
125 126
167 171
181 188
142 151
39 40
34 35
172 173
273 280
57 64
129 135
187 192
227 237
92 95
28 37
287 288
253 256
205 207
63 68
131 132
223 224
7 8
53 60
