206 217
67 68
99 100
229 237
318 324
358 360
100 101
132 133
41 42
133 134
162 179
14 15
74 75
357 363
155 176
47 48
214 225
226 227
158 172
103 394
350 351
228 236
199 200
239 245
291 292
121 128
339 341
251 265
351 352
172 182
81 82
361 365
213 238
173 174
295 298
384 385
302 306
95 102
317 322
206 207
55 56
335 339
128 144
390 391
299 300
331 332
129 145
169 181
240 241
110 113
224 233
25 33
353 356
365 366
195 202
76 92
279 290
40 44
77 93
113 114
121 127
213 219
194 196
87 88
65 69
335 338
88 98
250 258
157 170
50 53
29 30
61 62
272 273
153 154
39 43
161 167
2 3
62 63
342 346
313 319
183 191
3 4
35 36
246 247
95 96
116 137
36 37
279 280
160 161
387 389
371 372
249 257
220 221
120 143
69 70
301 304
101 102
372 373
10 11
39 47
253 254
205 214
123 135
94 99
305 310
16 18
215 227
72 89
378 379
65 68
138 147
117 124
157 169
379 380
90 97
333 340
261 262
222 243
293 294
353 354
115 135
175 186
105 109
275 282
386 387
327 328
42 43
260 265
75 76
293 298
334 336
16 17
64 66
223 239
356 359
201 202
50 51
82 83
23 24
234 235
83 84
363 367
326 327
374 376
175 176
45 48
56 57
304 308
105 108
116 117
46 49
208 209
208 218
300 301
167 186
138 150
241 242
111 114
200 201
90 91
333 334
163 170
31 32
171 192
182 192
112 115
274 275
314 320
355 358
1 9
204 207
145 148
267 272
5 6
259 264
203 210
292 297
222 232
34 38
252 260
66 79
26 33
366 367
269 276
67 80
89 98
0 8
119 126
4 5
52 54
314 319
355 357
373 374
177 188
107 111
70 71
277 284
329 331
11 12
251 259
362 364
162 168
255 256
225 233
74 91
247 248
55 59
96 97
229 230
139 147
269 284
280 281
129 130
299 303
221 231
41 44
332 336
295 296
73 94
254 255
125 141
22 30
103 104
106 109
85 86
195 196
15 18
136 137
306 310
347 348
180 189
77 78
21 25
268 283
380 381
151 152
261 271
321 322
243 244
51 52
173 185
325 328
276 283
347 352
220 238
268 287
184 190
305 309
110 124
32 34
158 164
21 24
383 385
205 226
146 149
313 326
84 85
302 307
286 290
375 377
209 210
58 59
390 392
61 64
131 146
183 184
35 38
215 234
193 395
294 307
216 217
308 309
198 199
216 235
368 369
6 7
120 127
249 250
139 140
360 364
2 9
131 132
342 343
223 224
345 348
72 73
315 316
164 165
286 289
375 376
256 257
338 345
264 270
49 53
197 198
168 180
349 350
341 346
20 22
20 31
263 274
282 287
382 383
212 219
231 232
323 324
315 320
156 165
337 344
126 142
316 321
248 266
130 149
278 285
71 81
349 354
12 13
311 318
13 14
123 136
45 46
78 79
266 288
340 344
118 142
19 29
160 166
270 285
119 143
263 273
112 122
296 297
388 389
26 27
155 187
177 187
359 362
86 87
329 330
159 166
337 343
178 179
27 28
178 188
369 393
262 267
211 212
211 230
271 281
181 189
152 153
244 245
204 218
237 242
277 278
118 141
19 28
151 156
370 371
311 312
125 140
252 253
122 134
185 190
0 1
159 174
92 93
163 171
303 312
384 386
144 148
236 240
317 323
