388 392
285 290
159 160
418 420
251 252
421 425
100 101
192 193
221 229
240 242
73 74
173 179
376 377
225 226
273 275
395 399
74 75
122 124
166 167
409 410
47 48
59 68
350 351
199 200
280 283
442 443
80 81
259 260
251 256
372 375
383 384
232 233
81 82
361 365
295 298
165 170
416 417
384 394
246 253
265 266
88 90
266 267
128 135
269 272
358 359
390 391
272 274
320 323
180 438
121 123
92 96
423 424
205 220
33 37
321 324
361 369
51 54
66 70
354 366
214 215
206 211
279 281
306 307
250 254
58 62
427 435
268 271
161 163
431 432
162 164
146 147
172 437
14 18
143 159
195 197
28 29
198 202
128 134
250 258
136 147
29 30
401 405
153 154
213 214
261 263
205 210
110 112
342 346
305 306
233 439
382 391
426 434
405 411
84 87
116 119
95 96
127 137
9 11
135 150
187 188
208 220
36 37
235 237
430 431
68 69
117 120
408 412
209 212
371 372
419 421
101 102
312 313
142 149
360 362
253 263
94 99
194 195
146 155
364 368
294 300
367 370
378 379
297 302
227 228
76 77
49 60
287 288
109 111
97 109
168 169
201 203
379 380
352 353
39 42
134 149
91 98
13 17
385 386
304 309
145 154
286 291
386 387
216 223
9 10
248 264
327 328
79 83
241 243
201 207
42 43
419 420
268 269
301 303
260 265
333 335
352 357
75 76
204 208
175 181
38 41
78 86
189 191
50 51
333 339
182 188
282 284
115 116
144 161
13 16
24 25
56 57
385 394
108 113
396 400
245 249
367 373
186 190
19 22
197 199
30 31
63 65
322 325
41 46
182 183
31 32
311 315
274 275
215 216
85 88
426 427
174 175
296 299
5 6
340 341
259 264
210 222
281 282
362 365
433 434
133 142
144 160
196 207
174 179
67 71
407 408
59 67
126 129
348 349
343 347
4 5
432 433
314 319
395 402
196 202
236 238
373 374
226 230
70 71
406 407
167 171
130 131
0 3
11 12
351 355
410 413
255 256
44 54
133 141
288 289
137 138
247 257
406 411
139 156
77 83
418 422
111 112
151 157
162 163
44 49
332 336
295 296
254 255
14 17
103 104
143 158
317 320
354 369
177 178
247 252
409 412
258 261
99 106
366 370
439 440
169 170
291 294
380 381
10 15
132 148
102 107
33 35
243 244
413 414
84 86
217 228
287 292
387 388
180 184
239 242
328 329
299 302
312 321
80 87
305 309
353 358
32 34
273 276
435 436
36 40
335 336
58 64
398 401
232 234
43 47
217 218
103 107
176 177
227 231
117 118
198 204
298 300
61 64
150 151
121 124
172 178
62 65
224 225
293 297
165 166
246 249
95 98
276 277
308 318
6 7
371 374
114 443
21 23
360 364
393 398
131 132
342 343
334 339
293 301
223 224
345 348
72 73
375 376
316 317
248 262
308 313
319 322
289 290
349 350
20 22
2 4
382 383
326 330
53 55
56 60
323 324
415 416
127 129
38 39
359 363
57 61
356 357
130 140
209 213
257 262
82 90
422 424
393 397
104 105
334 338
345 347
45 55
78 79
138 139
340 344
189 193
230 231
400 404
219 221
20 21
52 53
152 158
314 318
355 356
115 118
326 329
344 346
267 270
145 155
26 27
164 168
237 238
97 105
8 15
389 390
27 28
270 271
330 331
200 203
211 212
303 304
1 2
244 245
93 94
307 310
108 110
396 397
428 429
277 278
337 338
186 187
429 430
278 279
140 156
192 194
402 403
12 16
381 389
141 148
152 157
363 368
403 404
122 125
425 428
185 190
206 222
89 91
0 1
48 50
40 46
92 93
100 106
63 66
310 315
125 126
311 316
392 399
34 35
236 240
325 327
85 89
7 8
