201 203
240 249
243 245
260 261
98 101
284 292
108 112
70 73
255 256
159 160
46 48
113 117
0 5
40 41
234 236
251 252
49 53
316 317
155 156
261 262
298 301
132 133
157 162
192 193
137 138
103 107
41 42
304 309
319 320
133 134
147 151
267 278
286 291
207 211
8 11
280 281
29 43
217 222
179 183
112 114
299 303
155 158
317 318
262 263
300 302
214 216
231 232
230 234
247 250
258 259
42 43
105 111
283 288
268 269
145 147
99 104
171 175
318 319
150 152
295 296
20 24
142 148
199 200
254 255
12 20
31 33
208 212
280 283
153 157
264 265
23 29
103 104
89 93
80 90
123 125
140 141
85 86
71 72
16 17
30 34
203 206
289 294
250 257
108 109
219 226
77 87
210 211
49 50
9 14
31 44
265 266
123 127
109 110
131 140
10 15
13 14
189 191
206 207
197 204
28 39
105 106
81 84
50 51
307 311
284 291
82 92
51 52
173 176
220 227
248 252
143 144
97 101
115 116
308 312
28 32
238 244
240 241
24 25
201 204
270 276
304 308
249 253
305 307
56 57
313 320
289 298
88 92
287 292
202 205
164 166
3 5
181 182
58 60
173 178
190 194
180 184
185 189
208 209
222 226
38 45
228 233
299 302
129 138
186 190
300 301
19 22
53 54
13 18
279 281
241 242
296 297
85 95
128 130
64 72
96 98
120 126
154 158
247 256
26 27
163 170
165 167
228 235
21 22
285 287
86 87
274 275
143 148
80 89
17 18
132 136
174 176
149 152
238 239
91 95
221 223
215 216
218 224
270 271
174 175
64 65
6 8
119 129
267 272
139 141
219 225
268 273
124 128
61 69
118 121
21 33
286 297
75 77
106 110
233 236
1 2
212 213
115 122
27 30
244 245
19 26
76 78
198 202
215 218
119 122
146 149
177 182
156 159
184 188
44 46
61 62
12 23
84 94
246 254
303 306
269 274
126 127
70 74
97 100
314 315
153 154
130 134
186 187
178 183
264 271
113 118
181 191
213 214
100 102
131 135
282 295
310 311
34 47
305 306
209 210
32 40
139 145
35 36
67 71
229 231
150 151
248 253
39 45
187 188
170 172
242 243
36 37
196 200
230 232
68 69
223 224
114 121
117 120
76 82
56 58
193 194
163 169
275 276
220 221
79 93
67 73
124 125
260 266
59 60
35 47
180 185
16 25
246 258
272 277
144 146
161 162
0 1
168 169
65 66
225 229
273 278
10 11
74 78
91 94
282 290
198 199
83 90
290 294
37 38
251 257
63 66
313 314
6 7
165 168
177 179
81 83
237 239
309 310
107 111
285 288
59 62
135 136
167 171
312 315
161 164
9 15
259 263
217 227
75 88
63 68
166 172
197 205
