1005 1007
444 445
347 351
1008 1012
59 64
919 922
509 511
536 537
99 100
687 688
978 980
398 405
779 780
377 382
628 629
210 214
218 227
1070 1072
100 101
887 889
477 478
569 570
598 606
399 406
772 777
723 732
543 545
181 183
3 6
1115 1116
761 767
14 15
623 626
683 686
845 846
1056 1057
926 929
365 367
953 955
937 938
214 216
15 16
409 410
997 998
668 670
136 144
229 232
107 108
1089 1090
959 962
350 351
719 724
147 153
768 775
159 164
731 735
207 213
280 283
80 81
852 854
122 1139
343 348
820 821
443 444
634 640
491 493
901 904
885 887
292 293
734 736
653 662
384 385
432 434
416 417
1004 1005
233 234
627 628
594 603
476 477
1077 1084
756 760
106 111
918 920
1096 1097
357 358
373 375
804 809
346 349
206 207
166 171
449 450
907 910
660 661
557 559
358 359
837 842
549 555
978 979
439 442
601 602
808 815
1048 1053
320 323
299 300
709 711
693 694
778 783
92 96
380 383
542 543
1069 1112
10 17
391 392
221 228
671 675
313 320
941 944
1044 1055
353 356
146 152
194 201
575 576
985 987
623 625
32 50
246 248
424 425
294 297
635 636
866 868
505 508
354 357
974 977
394 402
195 202
624 626
608 609
247 249
36 47
819 820
7 11
716 718
797 801
781 784
147 152
398 399
630 633
180 186
328 331
498 504
113 114
701 702
339 340
981 985
372 374
944 945
892 1145
631 634
793 794
431 432
62 68
472 479
1100 1103
25 28
361 364
734 735
583 584
1054 1063
826 827
302 305
87 88
675 676
143 150
265 274
132 1142
726 727
616 617
648 649
316 325
409 413
47 51
198 211
546 549
708 709
6 10
88 98
327 334
257 266
1048 1052
77 79
268 275
272 273
600 605
531 533
1103 1104
563 565
973 976
153 154
2 3
741 742
1069 1111
1081 1085
472 474
431 436
544 551
361 368
154 155
585 598
1033 1035
294 296
416 420
537 539
947 950
354 356
1036 1037
796 799
135 150
36 37
446 448
1018 1019
478 480
1095 1104
766 776
899 900
538 540
948 951
149 161
157 165
387 389
797 800
707 708
220 221
630 632
50 57
69 70
260 266
1051 1052
101 102
1013 1016
652 656
830 833
412 418
213 218
951 952
1073 1076
464 465
1065 1072
160 165
512 523
231 235
933 934
803 806
194 195
345 355
674 683
771 774
43 44
253 272
453 455
744 747
135 136
545 547
955 958
415 419
577 579
1117 1118
208 215
256 264
187 192
1047 1050
467 475
378 388
438 439
76 77
287 288
1079 1082
745 748
1017 1018
567 571
530 531
168 169
489 490
858 863
1020 1023
427 429
249 252
1109 1110
448 452
1032 1034
958 959
257 274
873 879
1091 1092
1050 1051
23 25
433 436
611 613
412 413
843 847
692 696
1102 1107
991 992
190 1123
463 464
385 386
434 437
585 597
1035 1044
596 597
64 71
445 446
315 318
725 729
56 67
936 940
984 989
386 387
618 621
256 259
666 670
65 72
589 594
840 841
710 713
888 890
758 762
230 234
168 173
440 443
1028 1031
27 45
79 83
419 420
699 703
500 503
994 1002
603 604
851 855
31 42
485 487
954 956
552 558
865 866
204 217
803 805
714 715
108 109
156 158
744 746
566 569
315 331
415 418
577 578
995 1002
610 612
788 789
637 638
507 510
131 1144
89 95
178 182
567 570
551 553
990 1000
858 862
1049 1058
802 809
821 822
529 534
492 494
902 905
751 754
362 375
134 139
1010 1014
584 586
762 763
23 24
1034 1042
703 704
662 663
991 1000
792 800
832 836
644 645
267 268
344 353
56 66
673 690
757 760
1098 1099
736 737
359 360
367 373
208 209
78 81
26 43
898 903
1076 1080
515 518
1039 1040
300 301
998 999
710 712
1090 1091
278 282
241 242
651 653
1061 1064
521 525
90 91
942 945
743 745
880 881
52 55
1071 1077
669 679
872 877
454 462
282 288
533 535
591 607
943 946
1 9
913 914
654 663
426 427
1083 1087
665 672
916 919
307 308
539 542
518 519
566 568
798 802
237 240
285 289
769 775
610 611
59 72
946 947
1068 1071
97 98
377 381
0 4
588 592
1038 1039
340 341
138 145
189 190
437 441
961 963
469 473
510 511
400 401
71 73
1130 1131
148 158
63 69
330 333
902 904
151 163
219 227
743 749
222 223
414 421
912 917
891 894
514 517
935 937
861 862
983 986
484 485
503 507
1075 1078
986 988
698 701
706 714
425 426
547 550
875 882
757 768
407 408
1105 1106
277 280
269 276
86 93
658 664
509 523
957 960
8 12
230 232
908 924
310 313
111 113
521 524
672 684
310 322
801 807
281 286
791 793
60 67
742 748
295 297
794 795
813 817
1112 1113
37 38
905 909
296 298
344 347
1015 1028
827 828
676 677
989 997
846 850
1037 1046
668 682
857 859
366 371
890 893
167 171
406 407
750 751
40 48
11 12
952 953
650 651
391 400
783 784
864 867
912 916
303 305
384 388
724 725
761 774
196 197
244 246
435 442
155 156
325 329
767 772
746 749
185 187
417 421
716 717
26 32
428 430
457 466
277 279
188 189
1129 1133
520 522
29 34
779 782
580 582
1066 1113
129 130
900 901
620 627
490 499
461 463
262 263
720 723
590 595
343 346
631 642
590 604
402 404
203 204
451 455
332 336
993 994
705 707
753 756
254 255
376 379
133 145
993 1003
103 104
1085 1086
395 401
667 671
217 224
646 648
106 109
236 237
265 273
516 520
394 405
815 816
1026 1027
177 178
697 699
546 548
258 261
28 46
1118 1119
967 968
911 915
366 370
609 613
1059 1060
210 211
620 622
80 83
450 458
860 869
1119 1120
380 381
140 143
550 554
172 175
513 514
1060 1061
650 659
33 44
564 565
674 687
612 614
324 327
126 1138
202 212
453 459
615 619
1041 1047
14 21
915 917
874 879
476 479
974 975
487 488
966 971
645 647
1015 1022
1066 1067
55 58
449 452
250 252
948 950
586 588
557 561
967 972
209 220
180 184
930 932
999 1004
201 225
498 502
1070 1073
571 572
312 321
619 621
1029 1032
169 174
291 298
963 965
512 513
682 686
73 75
771 773
483 486
572 573
332 335
664 665
1062 1074
1084 1111
834 838
254 263
874 883
468 470
338 342
926 930
516 519
276 278
848 849
807 811
896 898
316 323
697 698
940 941
789 790
837 839
638 639
829 835
808 812
873 878
730 731
921 927
722 727
579 580
291 293
770 776
372 376
822 823
242 248
261 270
752 755
922 928
763 764
162 166
324 326
253 284
823 824
782 786
1011 1122
1025 1029
704 705
84 94
286 290
103 107
553 554
785 788
176 177
378 382
966 970
179 182
17 22
1007 1008
856 857
836 842
589 593
888 889
840 849
737 738
250 251
907 911
379 383
829 830
1040 1041
390 392
301 302
527 528
471 475
239 241
560 562
892 895
693 695
981 982
393 403
31 41
290 292
1021 1027
711 712
493 499
334 335
205 212
54 61
792 795
183 184
224 225
504 508
13 20
223 229
564 568
24 29
863 864
283 289
124 125
526 532
87 94
987 988
804 805
65 66
918 925
666 673
57 62
308 309
430 433
198 199
896 897
1107 1108
368 369
810 812
160 163
659 661
781 785
460 461
58 63
1020 1030
371 374
1080 1081
500 506
341 342
641 643
61 68
39 40
921 935
1021 1022
172 173
870 871
814 818
692 694
91 96
752 754
102 105
544 548
633 635
53 60
556 559
482 484
1011 1121
677 678
615 617
526 527
936 938
574 576
696 700
35 51
769 770
995 996
338 345
5 19
467 468
1055 1056
179 181
515 517
1075 1114
438 441
766 773
319 322
599 605
30 39
1088 1089
309 314
349 350
471 474
560 561
1120 1121
142 146
592 593
134 142
312 319
352 355
681 689
700 702
684 685
501 502
117 1132
552 556
824 835
876 882
555 558
924 931
777 778
906 910
869 870
629 632
1095 1096
718 719
961 962
238 240
810 811
149 162
839 847
456 462
119 121
1053 1054
939 943
540 541
260 267
116 1135
333 337
759 765
600 601
1010 1012
422 424
470 473
393 397
891 893
104 105
652 657
814 817
363 365
1094 1100
573 574
45 46
231 236
215 219
844 845
304 306
482 483
706 713
275 279
685 690
307 311
193 200
968 969
245 247
655 658
86 92
337 339
1068 1074
9 16
49 52
747 750
89 97
1079 1083
1128 1134
969 970
27 33
138 157
818 819
197 206
688 691
30 38
281 285
529 536
330 336
492 496
42 49
581 583
1067 1114
20 21
222 226
851 852
883 884
843 848
522 524
481 486
732 733
721 733
813 816
614 616
326 329
128 1140
53 54
495 497
884 885
85 95
495 506
447 457
976 977
137 151
1024 1026
825 826
1045 1058
5 13
318 321
906 909
1097 1105
618 622
167 170
480 481
170 175
389 390
348 352
1038 1046
831 833
238 239
270 271
1001 1006
939 942
1101 1102
1049 1064
200 203
923 925
780 787
41 48
422 423
791 796
127 1143
1042 1043
141 144
303 304
920 928
255 264
721 728
740 741
363 364
1094 1099
1 2
395 396
983 984
853 856
244 245
606 607
975 980
196 205
865 867
894 903
654 656
85 90
897 899
185 186
965 972
396 397
193 199
428 429
1016 1017
655 657
639 640
1024 1030
587 602
1045 1062
488 489
1108 1109
528 534
159 161
369 370
949 954
123 1141
8 19
636 643
115 1137
262 271
931 933
259 284
691 695
923 929
1101 1106
764 765
581 582
979 982
82 84
414 423
454 459
753 755
314 317
403 404
74 76
1093 1098
646 647
447 456
317 328
738 739
137 141
226 228
1078 1082
18 22
1057 1059
838 844
258 269
679 680
496 497
78 82
1116 1117
739 740
1019 1023
112 1136
831 832
860 868
680 681
871 877
728 730
960 964
971 973
148 164
410 411
532 535
1031 1033
841 854
451 458
1063 1065
4 7
491 494
872 878
133 139
295 299
562 563
956 957
233 235
591 608
34 35
853 855
435 440
174 176
595 596
