0.693143 0.013714 0.000000
0.838286 0.013714 0.000000
0.850286 0.013714 0.000000
0.861143 0.013714 0.000000
0.701143 0.014286 0.000000
0.754857 0.014286 0.000000
0.872571 0.014286 0.000000
0.709714 0.014857 0.000000
0.738286 0.014857 0.000000
0.828000 0.014857 0.000000
0.881143 0.014857 0.000000
0.718857 0.015429 0.000000
0.728000 0.015429 0.000000
0.764571 0.015429 0.000000
0.793143 0.015429 0.000000
0.803429 0.015429 0.000000
0.815429 0.015429 0.000000
0.891429 0.015429 0.000000
0.914857 0.015429 0.000000
0.748000 0.016000 0.000000
0.773714 0.016000 0.000000
0.780000 0.016000 0.000000
0.903429 0.016000 0.000000
0.445143 0.020000 0.000000
0.456000 0.020000 0.000000
0.434286 0.020571 0.000000
0.343429 0.021143 0.000000
0.389714 0.021143 0.000000
0.423429 0.021143 0.000000
0.464571 0.021143 0.000000
0.540000 0.021143 0.000000
0.594857 0.021143 0.000000
0.330286 0.021714 0.000000
0.377143 0.021714 0.000000
0.473714 0.021714 0.000000
0.482286 0.021714 0.000000
0.506857 0.021714 0.000000
0.520000 0.021714 0.000000
0.531429 0.021714 0.000000
0.554857 0.021714 0.000000
0.565714 0.021714 0.000000
0.584571 0.021714 0.000000
0.604000 0.021714 0.000000
0.357714 0.022286 0.000000
0.368571 0.022286 0.000000
0.401714 0.022286 0.000000
0.412571 0.022286 0.000000
0.496571 0.022286 0.000000
0.575429 0.022286 0.000000
0.613143 0.022286 0.000000
0.318857 0.022857 0.000000
0.490286 0.022857 0.000000
0.622286 0.022857 0.000000
0.249714 0.023429 0.000000
0.262857 0.023429 0.000000
0.633143 0.023429 0.000000
0.210286 0.024000 0.000000
0.311429 0.024000 0.000000
0.643429 0.024000 0.000000
0.145714 0.024571 0.000000
0.237143 0.024571 0.000000
0.278286 0.024571 0.000000
0.302857 0.024571 0.000000
0.653143 0.024571 0.000000
0.128571 0.025143 0.000000
0.174286 0.025143 0.000000
0.192571 0.025143 0.000000
0.225143 0.025143 0.000000
0.292000 0.025143 0.000000
0.662286 0.025143 0.000000
0.670286 0.025143 0.000000
0.114857 0.025714 0.000000
0.160000 0.025714 0.000000
0.102286 0.026286 0.000000
0.692571 0.026286 0.000000
0.086286 0.027429 0.000000
0.700000 0.027429 0.000000
0.712571 0.027429 0.000000
0.762286 0.028000 0.000000
0.721714 0.028571 0.000000
0.742857 0.028571 0.000000
0.753714 0.028571 0.000000
0.773143 0.028571 0.000000
0.730857 0.029143 0.000000
0.785143 0.029714 0.000000
0.865143 0.029714 0.000000
0.916571 0.029714 0.000000
0.806857 0.030286 0.000000
0.817143 0.030286 0.000000
0.844571 0.030286 0.000000
0.877714 0.030286 0.000000
0.886857 0.030286 0.000000
0.907429 0.030286 0.000000
0.922857 0.030286 0.000000
0.796571 0.030857 0.000000
0.853714 0.030857 0.000000
0.895429 0.030857 0.000000
0.835429 0.031429 0.000000
0.826286 0.032000 0.000000
0.815429 0.041714 0.000000
0.825714 0.042857 0.000000
0.836000 0.042857 0.000000
0.846286 0.043429 0.000000
0.873143 0.043429 0.000000
0.863429 0.044000 0.000000
0.855429 0.044571 0.000000
0.912000 0.044571 0.000000
0.885143 0.045143 0.000000
0.894286 0.045143 0.000000
0.901714 0.045143 0.000000
0.137714 0.045714 0.000000
0.922286 0.045714 0.000000
0.488000 0.046857 0.000000
0.930857 0.046857 0.000000
0.937714 0.046857 0.000000
0.556571 0.048000 0.000000
0.448000 0.049143 0.000000
0.353714 0.050286 0.000000
0.115429 0.050857 0.000000
0.593714 0.050857 0.000000
0.095429 0.052571 0.000000
0.585714 0.052571 0.000000
0.636571 0.052571 0.000000
0.693714 0.052571 0.000000
0.720000 0.052571 0.000000
0.726857 0.052571 0.000000
0.614286 0.053714 0.000000
0.786286 0.055429 0.000000
0.668571 0.056000 0.000000
0.754286 0.056000 0.000000
0.760571 0.056571 0.000000
0.806857 0.057143 0.000000
0.828571 0.057143 0.000000
0.329714 0.060000 0.000000
0.364000 0.060571 0.000000
0.129143 0.061714 0.000000
0.143429 0.061714 0.000000
0.190857 0.061714 0.000000
0.281714 0.061714 0.000000
0.344571 0.061714 0.000000
0.085143 0.062286 0.000000
0.176000 0.062286 0.000000
0.378286 0.062286 0.000000
0.097714 0.062857 0.000000
0.159429 0.062857 0.000000
0.308000 0.062857 0.000000
0.393143 0.062857 0.000000
0.424571 0.062857 0.000000
0.510286 0.062857 0.000000
0.568571 0.062857 0.000000
0.115429 0.063429 0.000000
0.209714 0.063429 0.000000
0.407429 0.063429 0.000000
0.438857 0.063429 0.000000
0.454286 0.063429 0.000000
0.469714 0.063429 0.000000
0.481714 0.063429 0.000000
0.267429 0.064000 0.000000
0.494286 0.064000 0.000000
0.537714 0.064000 0.000000
0.238857 0.064571 0.000000
0.554286 0.064571 0.000000
0.580000 0.064571 0.000000
0.224571 0.065143 0.000000
0.522286 0.065143 0.000000
0.252571 0.066857 0.000000
0.591429 0.066857 0.000000
0.624571 0.066857 0.000000
0.702857 0.066857 0.000000
0.715429 0.066857 0.000000
0.640000 0.067429 0.000000
0.608000 0.068000 0.000000
0.671429 0.068571 0.000000
0.687429 0.068571 0.000000
0.724000 0.068571 0.000000
0.656571 0.069143 0.000000
0.736000 0.069714 0.000000
0.751429 0.070286 0.000000
0.768571 0.070286 0.000000
0.794857 0.070286 0.000000
0.853143 0.070286 0.000000
0.809143 0.070857 0.000000
0.782857 0.071429 0.000000
0.826857 0.071429 0.000000
0.842857 0.071429 0.000000
0.880571 0.072000 0.000000
0.866857 0.073143 0.000000
0.900000 0.073143 0.000000
0.022857 0.074857 0.000000
0.032000 0.074857 0.000000
0.042286 0.074857 0.000000
0.481714 0.074857 0.000000
0.916000 0.074857 0.000000
0.158286 0.084000 0.000000
0.280571 0.084571 0.000000
0.295429 0.084571 0.000000
0.357714 0.084571 0.000000
0.375429 0.084571 0.000000
0.133143 0.085143 0.000000
0.144000 0.085143 0.000000
0.173714 0.085143 0.000000
0.264000 0.085143 0.000000
0.309143 0.085143 0.000000
0.193714 0.085714 0.000000
0.209714 0.085714 0.000000
0.342857 0.085714 0.000000
0.391429 0.085714 0.000000
0.408571 0.085714 0.000000
0.489714 0.085714 0.000000
0.508571 0.085714 0.000000
0.106286 0.086286 0.000000
0.120571 0.086286 0.000000
0.324571 0.086286 0.000000
0.422286 0.086286 0.000000
0.092000 0.086857 0.000000
0.477714 0.086857 0.000000
0.083429 0.087429 0.000000
0.222857 0.087429 0.000000
0.438286 0.087429 0.000000
0.468571 0.087429 0.000000
0.521714 0.087429 0.000000
0.534857 0.087429 0.000000
0.571429 0.087429 0.000000
0.582286 0.087429 0.000000
0.238286 0.088000 0.000000
0.250857 0.088000 0.000000
0.560571 0.088000 0.000000
0.453714 0.088571 0.000000
0.546286 0.088571 0.000000
0.598857 0.089143 0.000000
0.633714 0.090286 0.000000
0.687429 0.090286 0.000000
0.616571 0.090857 0.000000
0.657143 0.091429 0.000000
0.645143 0.092000 0.000000
0.672000 0.092000 0.000000
0.700000 0.092000 0.000000
0.718286 0.094857 0.000000
0.745143 0.094857 0.000000
0.758857 0.095429 0.000000
0.726286 0.096571 0.000000
0.778286 0.097143 0.000000
0.805143 0.100571 0.000000
0.031429 0.101714 0.000000
0.841714 0.101714 0.000000
0.851429 0.101714 0.000000
0.832571 0.102286 0.000000
0.860571 0.102857 0.000000
0.822286 0.103429 0.000000
0.872571 0.104000 0.000000
0.903429 0.104000 0.000000
0.914286 0.104000 0.000000
0.892571 0.104571 0.000000
0.369143 0.106286 0.000000
0.265143 0.106857 0.000000
0.282857 0.106857 0.000000
0.317714 0.106857 0.000000
0.433714 0.106857 0.000000
0.150286 0.107429 0.000000
0.337143 0.107429 0.000000
0.465714 0.107429 0.000000
0.166857 0.108000 0.000000
0.219429 0.108000 0.000000
0.253143 0.108000 0.000000
0.300571 0.108000 0.000000
0.404571 0.108000 0.000000
0.450857 0.108000 0.000000
0.485143 0.108000 0.000000
0.501714 0.108000 0.000000
0.140000 0.108571 0.000000
0.186857 0.108571 0.000000
0.202857 0.108571 0.000000
0.383429 0.108571 0.000000
0.395429 0.108571 0.000000
0.416571 0.108571 0.000000
0.517714 0.108571 0.000000
0.122857 0.109143 0.000000
0.553714 0.109143 0.000000
0.109714 0.109714 0.000000
0.534857 0.109714 0.000000
0.565714 0.109714 0.000000
0.618286 0.109714 0.000000
0.102286 0.110286 0.000000
0.581143 0.110286 0.000000
0.353143 0.110857 0.000000
0.604000 0.110857 0.000000
0.632571 0.110857 0.000000
0.084000 0.111429 0.000000
0.094286 0.111429 0.000000
0.594857 0.111429 0.000000
0.649143 0.112571 0.000000
0.697714 0.112571 0.000000
0.664000 0.113143 0.000000
0.678857 0.114286 0.000000
0.764000 0.116000 0.000000
0.797143 0.116000 0.000000
0.747429 0.116571 0.000000
0.784000 0.116571 0.000000
0.730286 0.117714 0.000000
0.811429 0.118286 0.000000
0.822286 0.118857 0.000000
0.834286 0.120000 0.000000
0.850857 0.120000 0.000000
0.883429 0.122857 0.000000
0.899429 0.122857 0.000000
0.864571 0.123429 0.000000
0.920571 0.125143 0.000000
0.097143 0.129143 0.000000
0.108571 0.130857 0.000000
0.121143 0.130857 0.000000
0.296571 0.130857 0.000000
0.086286 0.131429 0.000000
0.245714 0.131429 0.000000
0.311429 0.131429 0.000000
0.132000 0.132000 0.000000
0.191429 0.132000 0.000000
0.354286 0.132000 0.000000
0.144000 0.132571 0.000000
0.210286 0.132571 0.000000
0.265143 0.132571 0.000000
0.332000 0.132571 0.000000
0.229714 0.133143 0.000000
0.281714 0.133143 0.000000
0.346286 0.133143 0.000000
0.421714 0.133143 0.000000
0.371429 0.133714 0.000000
0.402286 0.133714 0.000000
0.438286 0.133714 0.000000
0.156571 0.134286 0.000000
0.386286 0.134286 0.000000
0.525714 0.134286 0.000000
0.171429 0.134857 0.000000
0.493143 0.136000 0.000000
0.534857 0.136000 0.000000
0.462857 0.136571 0.000000
0.470857 0.136571 0.000000
0.510286 0.136571 0.000000
0.548571 0.137714 0.000000
0.624000 0.138286 0.000000
0.564571 0.138857 0.000000
0.580000 0.138857 0.000000
0.594286 0.138857 0.000000
0.607429 0.138857 0.000000
0.714286 0.140571 0.000000
0.796000 0.141143 0.000000
0.643429 0.141714 0.000000
0.729143 0.141714 0.000000
0.779429 0.141714 0.000000
0.695429 0.142286 0.000000
0.741714 0.142286 0.000000
0.748000 0.142286 0.000000
0.761714 0.142286 0.000000
0.675429 0.143429 0.000000
0.812000 0.143429 0.000000
0.840571 0.144000 0.000000
0.660000 0.144571 0.000000
0.824000 0.145143 0.000000
0.856000 0.145714 0.000000
0.872571 0.146857 0.000000
0.888571 0.146857 0.000000
0.909714 0.151429 0.000000
0.186857 0.153143 0.000000
0.086286 0.154857 0.000000
0.160000 0.155429 0.000000
0.176571 0.155429 0.000000
0.142857 0.156000 0.000000
0.261143 0.156000 0.000000
0.128000 0.157143 0.000000
0.206857 0.157143 0.000000
0.224571 0.157143 0.000000
0.241714 0.157143 0.000000
0.276000 0.157143 0.000000
0.309714 0.157143 0.000000
0.116571 0.157714 0.000000
0.294286 0.157714 0.000000
0.104000 0.158857 0.000000
0.325143 0.158857 0.000000
0.416571 0.159429 0.000000
0.444000 0.160000 0.000000
0.346857 0.160571 0.000000
0.380000 0.160571 0.000000
0.403429 0.160571 0.000000
0.428571 0.160571 0.000000
0.360571 0.161143 0.000000
0.476571 0.162286 0.000000
0.497143 0.162857 0.000000
0.519429 0.164000 0.000000
0.539429 0.164000 0.000000
0.461714 0.165143 0.000000
0.556000 0.165143 0.000000
0.574857 0.165143 0.000000
0.617714 0.165143 0.000000
0.599429 0.165714 0.000000
0.737143 0.166857 0.000000
0.797143 0.166857 0.000000
0.673143 0.167429 0.000000
0.694286 0.167429 0.000000
0.717143 0.167429 0.000000
0.831429 0.167429 0.000000
0.849143 0.167429 0.000000
0.633714 0.168000 0.000000
0.652000 0.168000 0.000000
0.784000 0.168000 0.000000
0.752571 0.168571 0.000000
0.768000 0.168571 0.000000
0.809143 0.168571 0.000000
0.865714 0.169143 0.000000
0.885143 0.170286 0.000000
0.908000 0.172571 0.000000
0.115429 0.177714 0.000000
0.104000 0.178286 0.000000
0.085714 0.178857 0.000000
0.166857 0.179429 0.000000
0.135429 0.180000 0.000000
0.289714 0.180000 0.000000
0.201714 0.180571 0.000000
0.247429 0.180571 0.000000
0.261143 0.180571 0.000000
0.186857 0.181714 0.000000
0.219429 0.181714 0.000000
0.233143 0.181714 0.000000
0.272571 0.181714 0.000000
0.335429 0.184000 0.000000
0.320000 0.184571 0.000000
0.348000 0.184571 0.000000
0.361143 0.184571 0.000000
0.378857 0.184571 0.000000
0.400000 0.184571 0.000000
0.433714 0.184571 0.000000
0.416571 0.185143 0.000000
0.448000 0.185714 0.000000
0.494857 0.185714 0.000000
0.507429 0.185714 0.000000
0.464000 0.186286 0.000000
0.522286 0.186286 0.000000
0.617143 0.186857 0.000000
0.480000 0.187429 0.000000
0.543429 0.187429 0.000000
0.571429 0.188571 0.000000
0.585714 0.188571 0.000000
0.633143 0.188571 0.000000
0.557143 0.189143 0.000000
0.602857 0.189143 0.000000
0.644000 0.189714 0.000000
0.654857 0.189714 0.000000
0.669714 0.189714 0.000000
0.682857 0.190286 0.000000
0.892571 0.190286 0.000000
0.696571 0.191429 0.000000
0.727429 0.191429 0.000000
0.741714 0.191429 0.000000
0.769714 0.191429 0.000000
0.713714 0.192000 0.000000
0.802286 0.192000 0.000000
0.838857 0.192000 0.000000
0.784000 0.192571 0.000000
0.874286 0.192571 0.000000
0.910286 0.192571 0.000000
0.755429 0.193143 0.000000
0.820571 0.193143 0.000000
0.024000 0.194286 0.000000
0.035429 0.194286 0.000000
0.848571 0.194286 0.000000
0.048000 0.194857 0.000000
0.056000 0.196571 0.000000
0.064000 0.196571 0.000000
0.926286 0.197714 0.000000
0.141143 0.198857 0.000000
0.128000 0.199429 0.000000
0.086857 0.200000 0.000000
0.119429 0.200000 0.000000
0.172000 0.200000 0.000000
0.200571 0.200000 0.000000
0.105143 0.201143 0.000000
0.183429 0.201143 0.000000
0.157143 0.201714 0.000000
0.237143 0.201714 0.000000
0.251429 0.202857 0.000000
0.268000 0.202857 0.000000
0.216000 0.203429 0.000000
0.281714 0.203429 0.000000
0.290857 0.204000 0.000000
0.342857 0.204000 0.000000
0.324000 0.204571 0.000000
0.365714 0.204571 0.000000
0.388000 0.204571 0.000000
0.305143 0.205714 0.000000
0.406857 0.206857 0.000000
0.424000 0.206857 0.000000
0.438286 0.206857 0.000000
0.452571 0.206857 0.000000
0.503429 0.206857 0.000000
0.540000 0.206857 0.000000
0.486857 0.207429 0.000000
0.524000 0.207429 0.000000
0.593714 0.207429 0.000000
0.560000 0.208000 0.000000
0.576571 0.208000 0.000000
0.041143 0.208571 0.000000
0.466857 0.208571 0.000000
0.625143 0.209143 0.000000
0.021714 0.209714 0.000000
0.030857 0.209714 0.000000
0.638857 0.209714 0.000000
0.052000 0.210286 0.000000
0.069143 0.210286 0.000000
0.610286 0.210286 0.000000
0.652571 0.210286 0.000000
0.060571 0.210857 0.000000
0.707429 0.211429 0.000000
0.672571 0.212000 0.000000
0.684000 0.212571 0.000000
0.740000 0.213143 0.000000
0.754286 0.213714 0.000000
0.769143 0.213714 0.000000
0.800000 0.213714 0.000000
0.846286 0.213714 0.000000
0.784571 0.214286 0.000000
0.814857 0.214286 0.000000
0.829143 0.214286 0.000000
0.862857 0.214286 0.000000
0.909143 0.214286 0.000000
0.882286 0.214857 0.000000
0.721714 0.215429 0.000000
0.897143 0.215429 0.000000
0.925143 0.216571 0.000000
0.163429 0.221143 0.000000
0.180571 0.222286 0.000000
0.200000 0.222286 0.000000
0.229143 0.222286 0.000000
0.090857 0.222857 0.000000
0.104571 0.222857 0.000000
0.148000 0.222857 0.000000
0.116000 0.223429 0.000000
0.214857 0.223429 0.000000
0.126286 0.224000 0.000000
0.245143 0.224000 0.000000
0.258286 0.224000 0.000000
0.024000 0.224571 0.000000
0.273714 0.225143 0.000000
0.034286 0.225714 0.000000
0.041714 0.225714 0.000000
0.286857 0.225714 0.000000
0.298286 0.225714 0.000000
0.402286 0.225714 0.000000
0.315429 0.226286 0.000000
0.434286 0.226286 0.000000
0.329714 0.226857 0.000000
0.417143 0.226857 0.000000
0.453143 0.227429 0.000000
0.346857 0.228000 0.000000
0.389143 0.228000 0.000000
0.509714 0.228000 0.000000
0.373143 0.228571 0.000000
0.361143 0.229143 0.000000
0.473714 0.229143 0.000000
0.545143 0.229143 0.000000
0.597714 0.229714 0.000000
0.490286 0.230286 0.000000
0.582857 0.231429 0.000000
0.638857 0.231429 0.000000
0.617714 0.232571 0.000000
0.656000 0.233143 0.000000
0.671429 0.233714 0.000000
0.706857 0.234286 0.000000
0.689714 0.235429 0.000000
0.742286 0.236571 0.000000
0.793714 0.236571 0.000000
0.725714 0.237143 0.000000
0.757143 0.237143 0.000000
0.773143 0.237143 0.000000
0.816000 0.237714 0.000000
0.833714 0.238286 0.000000
0.850286 0.239429 0.000000
0.869714 0.239429 0.000000
0.915429 0.241143 0.000000
0.893143 0.241714 0.000000
0.108571 0.245714 0.000000
0.091429 0.246857 0.000000
0.134286 0.246857 0.000000
0.155429 0.246857 0.000000
0.190857 0.247429 0.000000
0.173143 0.248000 0.000000
0.203429 0.248571 0.000000
0.218286 0.249143 0.000000
0.412571 0.249143 0.000000
0.229143 0.249714 0.000000
0.983429 0.249714 0.000000
0.238286 0.250286 0.000000
0.279429 0.250286 0.000000
0.350286 0.250286 0.000000
0.480571 0.250286 0.000000
0.250286 0.250857 0.000000
0.264000 0.250857 0.000000
0.292571 0.250857 0.000000
0.365143 0.250857 0.000000
0.384000 0.250857 0.000000
0.402857 0.250857 0.000000
0.429143 0.250857 0.000000
0.936571 0.250857 0.000000
0.950286 0.250857 0.000000
0.958286 0.250857 0.000000
0.967429 0.250857 0.000000
0.317143 0.251429 0.000000
0.334857 0.251429 0.000000
0.943429 0.251429 0.000000
0.441714 0.252000 0.000000
0.463429 0.252000 0.000000
0.494286 0.252571 0.000000
0.511429 0.253143 0.000000
0.558857 0.253143 0.000000
0.541714 0.254286 0.000000
0.576571 0.254857 0.000000
0.526857 0.255429 0.000000
0.593714 0.256000 0.000000
0.637714 0.256571 0.000000
0.608571 0.257143 0.000000
0.622286 0.257143 0.000000
0.702857 0.257714 0.000000
0.661714 0.258286 0.000000
0.733714 0.258857 0.000000
0.680571 0.259429 0.000000
0.719429 0.259429 0.000000
0.097143 0.260000 0.000000
0.120000 0.260000 0.000000
0.086286 0.260571 0.000000
0.108000 0.260571 0.000000
0.755429 0.261143 0.000000
0.778286 0.261714 0.000000
0.796000 0.262857 0.000000
0.836000 0.263429 0.000000
0.973143 0.263429 0.000000
0.814857 0.264000 0.000000
0.854286 0.264000 0.000000
0.963429 0.264000 0.000000
0.869714 0.264571 0.000000
0.884000 0.264571 0.000000
0.933714 0.264571 0.000000
0.940571 0.264571 0.000000
0.948000 0.264571 0.000000
0.955429 0.264571 0.000000
0.920571 0.265143 0.000000
0.982857 0.265143 0.000000
0.904571 0.266286 0.000000
0.024000 0.267429 0.000000
0.035429 0.267429 0.000000
0.048571 0.267429 0.000000
0.041714 0.268000 0.000000
0.056571 0.268000 0.000000
0.065714 0.268000 0.000000
0.137714 0.272000 0.000000
0.160571 0.272000 0.000000
0.250857 0.272000 0.000000
0.177143 0.272571 0.000000
0.228000 0.273143 0.000000
0.286286 0.273143 0.000000
0.235429 0.273714 0.000000
0.269143 0.273714 0.000000
0.310286 0.273714 0.000000
0.122857 0.274286 0.000000
0.094286 0.274857 0.000000
0.111429 0.274857 0.000000
0.196571 0.274857 0.000000
0.213714 0.274857 0.000000
0.326286 0.276571 0.000000
0.340571 0.277143 0.000000
0.418286 0.277143 0.000000
0.934286 0.277143 0.000000
0.445714 0.277714 0.000000
0.024571 0.278286 0.000000
0.432571 0.278286 0.000000
0.940571 0.278286 0.000000
0.354857 0.278857 0.000000
0.402286 0.278857 0.000000
0.502857 0.278857 0.000000
0.948000 0.278857 0.000000
0.957714 0.278857 0.000000
0.969714 0.278857 0.000000
0.981143 0.278857 0.000000
0.034286 0.279429 0.000000
0.040571 0.279429 0.000000
0.049143 0.279429 0.000000
0.458286 0.279429 0.000000
0.485714 0.279429 0.000000
0.371429 0.280000 0.000000
0.380571 0.280000 0.000000
0.472571 0.280000 0.000000
0.517143 0.280000 0.000000
0.533714 0.280000 0.000000
0.058286 0.280571 0.000000
0.390857 0.280571 0.000000
0.548000 0.280571 0.000000
0.613714 0.281143 0.000000
0.583429 0.282286 0.000000
0.599429 0.282286 0.000000
0.565143 0.282857 0.000000
0.629143 0.282857 0.000000
0.690857 0.282857 0.000000
0.672000 0.283429 0.000000
0.705143 0.283429 0.000000
0.641714 0.284000 0.000000
0.663429 0.284000 0.000000
0.650857 0.284571 0.000000
0.733714 0.285143 0.000000
0.754286 0.285143 0.000000
0.770286 0.285143 0.000000
0.889143 0.285143 0.000000
0.786286 0.285714 0.000000
0.803429 0.286286 0.000000
0.817714 0.286286 0.000000
0.862857 0.286286 0.000000
0.836000 0.286857 0.000000
0.851429 0.286857 0.000000
0.878857 0.286857 0.000000
0.902286 0.288000 0.000000
0.918857 0.289714 0.000000
0.943429 0.291429 0.000000
0.936000 0.292571 0.000000
0.953714 0.292571 0.000000
0.962286 0.293143 0.000000
0.086857 0.293714 0.000000
0.153143 0.293714 0.000000
0.054857 0.294286 0.000000
0.097143 0.294286 0.000000
0.969714 0.294286 0.000000
0.976571 0.294286 0.000000
0.024571 0.294857 0.000000
0.037143 0.294857 0.000000
0.176571 0.294857 0.000000
0.984000 0.294857 0.000000
0.188000 0.295429 0.000000
0.204571 0.295429 0.000000
0.117143 0.296000 0.000000
0.136000 0.296000 0.000000
0.230857 0.296571 0.000000
0.217143 0.297143 0.000000
0.246286 0.297143 0.000000
0.265143 0.297143 0.000000
0.278286 0.298286 0.000000
0.293143 0.298286 0.000000
0.308571 0.298286 0.000000
0.324571 0.298857 0.000000
0.338286 0.299429 0.000000
0.390286 0.301143 0.000000
0.438857 0.301143 0.000000
0.366286 0.301714 0.000000
0.422857 0.301714 0.000000
0.457143 0.302286 0.000000
0.353143 0.302857 0.000000
0.408000 0.303429 0.000000
0.475429 0.303429 0.000000
0.488000 0.303429 0.000000
0.530286 0.303429 0.000000
0.555429 0.303429 0.000000
0.506857 0.304000 0.000000
0.546286 0.304000 0.000000
0.570857 0.304571 0.000000
0.598857 0.305143 0.000000
0.936571 0.305714 0.000000
0.986286 0.305714 0.000000
0.586286 0.306286 0.000000
0.755429 0.306286 0.000000
0.944000 0.306286 0.000000
0.956000 0.306286 0.000000
0.968000 0.306286 0.000000
0.977143 0.306286 0.000000
0.696571 0.306857 0.000000
0.777143 0.306857 0.000000
0.614857 0.307429 0.000000
0.646286 0.307429 0.000000
0.661714 0.307429 0.000000
0.730857 0.307429 0.000000
0.788571 0.307429 0.000000
0.712571 0.308000 0.000000
0.742857 0.308000 0.000000
0.630857 0.308571 0.000000
0.676571 0.308571 0.000000
0.805143 0.308571 0.000000
0.824000 0.308571 0.000000
0.039429 0.310286 0.000000
0.052000 0.310286 0.000000
0.878286 0.310286 0.000000
0.031429 0.310857 0.000000
0.848000 0.310857 0.000000
0.863429 0.311429 0.000000
0.889143 0.311429 0.000000
0.023429 0.312000 0.000000
0.066286 0.312000 0.000000
0.896571 0.312000 0.000000
0.909714 0.312000 0.000000
0.923429 0.314286 0.000000
0.116571 0.316571 0.000000
0.175429 0.316571 0.000000
0.130286 0.317143 0.000000
0.144571 0.317143 0.000000
0.160571 0.317143 0.000000
0.102857 0.317714 0.000000
0.205714 0.317714 0.000000
0.936000 0.317714 0.000000
0.089714 0.318286 0.000000
0.189714 0.318286 0.000000
0.220571 0.318857 0.000000
0.944571 0.318857 0.000000
0.980571 0.318857 0.000000
0.961143 0.319429 0.000000
0.968000 0.319429 0.000000
0.986857 0.319429 0.000000
0.235429 0.320000 0.000000
0.306286 0.320000 0.000000
0.953143 0.320000 0.000000
0.270286 0.320571 0.000000
0.253714 0.321143 0.000000
0.288000 0.321143 0.000000
0.358857 0.321143 0.000000
0.390857 0.321143 0.000000
0.324571 0.321714 0.000000
0.341143 0.321714 0.000000
0.373143 0.321714 0.000000
0.413714 0.324000 0.000000
0.434286 0.324571 0.000000
0.453143 0.325143 0.000000
0.466857 0.325143 0.000000
0.484571 0.326286 0.000000
0.505714 0.326286 0.000000
0.524571 0.326286 0.000000
0.025143 0.327429 0.000000
0.038857 0.328000 0.000000
0.051429 0.328000 0.000000
0.063429 0.328000 0.000000
0.560000 0.328000 0.000000
0.578286 0.329143 0.000000
0.609714 0.329143 0.000000
0.617714 0.329143 0.000000
0.595429 0.329714 0.000000
0.936571 0.329714 0.000000
0.539429 0.330286 0.000000
0.634857 0.330857 0.000000
0.666857 0.330857 0.000000
0.948000 0.330857 0.000000
0.685143 0.331429 0.000000
0.779429 0.331429 0.000000
0.796571 0.331429 0.000000
0.650286 0.332000 0.000000
0.714286 0.332000 0.000000
0.958857 0.332000 0.000000
0.968000 0.332000 0.000000
0.974857 0.332000 0.000000
0.698286 0.332571 0.000000
0.740571 0.332571 0.000000
0.766286 0.332571 0.000000
0.983429 0.332571 0.000000
0.851429 0.333143 0.000000
0.837714 0.333714 0.000000
0.876000 0.333714 0.000000
0.816571 0.334286 0.000000
0.862286 0.334286 0.000000
0.891429 0.334286 0.000000
0.904571 0.335429 0.000000
0.112000 0.336000 0.000000
0.918857 0.336000 0.000000
0.215429 0.337143 0.000000
0.090857 0.337714 0.000000
0.104000 0.337714 0.000000
0.126286 0.337714 0.000000
0.148000 0.337714 0.000000
0.170286 0.337714 0.000000
0.186857 0.337714 0.000000
0.156571 0.338286 0.000000
0.200000 0.338286 0.000000
0.226286 0.338857 0.000000
0.242286 0.340571 0.000000
0.260571 0.341143 0.000000
0.293714 0.341143 0.000000
0.325143 0.341143 0.000000
0.355429 0.341143 0.000000
0.022857 0.341714 0.000000
0.040571 0.341714 0.000000
0.277143 0.341714 0.000000
0.310286 0.342286 0.000000
0.341143 0.342286 0.000000
0.937143 0.342286 0.000000
0.945143 0.342286 0.000000
0.030286 0.342857 0.000000
0.368000 0.342857 0.000000
0.381714 0.344000 0.000000
0.397714 0.344571 0.000000
0.984000 0.345143 0.000000
0.413714 0.345714 0.000000
0.454286 0.345714 0.000000
0.434857 0.346286 0.000000
0.468000 0.346286 0.000000
0.494857 0.346286 0.000000
0.958286 0.346286 0.000000
0.481143 0.346857 0.000000
0.512000 0.348000 0.000000
0.970857 0.348000 0.000000
0.548571 0.348571 0.000000
0.562857 0.348571 0.000000
0.538857 0.349143 0.000000
0.577714 0.349714 0.000000
0.594857 0.349714 0.000000
0.609143 0.349714 0.000000
0.637714 0.349714 0.000000
0.529714 0.350286 0.000000
0.622857 0.350857 0.000000
0.653714 0.352571 0.000000
0.674286 0.352571 0.000000
0.706857 0.352571 0.000000
0.946286 0.352571 0.000000
0.664571 0.353143 0.000000
0.688000 0.353143 0.000000
0.723429 0.353714 0.000000
0.769143 0.353714 0.000000
0.052571 0.354286 0.000000
0.060000 0.354857 0.000000
0.738857 0.354857 0.000000
0.787429 0.354857 0.000000
0.752571 0.355429 0.000000
0.862286 0.356000 0.000000
0.805714 0.356571 0.000000
0.855429 0.356571 0.000000
0.101143 0.357143 0.000000
0.824571 0.357143 0.000000
0.881714 0.357143 0.000000
0.954857 0.357143 0.000000
0.871429 0.357714 0.000000
0.897714 0.357714 0.000000
0.088571 0.358286 0.000000
0.842286 0.358286 0.000000
0.889714 0.358286 0.000000
0.912571 0.358286 0.000000
0.964000 0.358286 0.000000
0.922857 0.358857 0.000000
0.973714 0.359429 0.000000
0.984000 0.359429 0.000000
0.119429 0.360000 0.000000
0.161143 0.360571 0.000000
0.134857 0.361143 0.000000
0.149143 0.361143 0.000000
0.250857 0.362286 0.000000
0.174857 0.362857 0.000000
0.194286 0.362857 0.000000
0.234857 0.363429 0.000000
0.269714 0.363429 0.000000
0.207429 0.364000 0.000000
0.220571 0.364000 0.000000
0.284000 0.364571 0.000000
0.299429 0.364571 0.000000
0.322857 0.364571 0.000000
0.940571 0.364571 0.000000
0.311429 0.365143 0.000000
0.334857 0.365714 0.000000
0.348000 0.365714 0.000000
0.367429 0.366286 0.000000
0.948571 0.366857 0.000000
0.386286 0.367429 0.000000
0.956000 0.367429 0.000000
0.963429 0.368000 0.000000
0.399429 0.369143 0.000000
0.416571 0.369714 0.000000
0.973714 0.369714 0.000000
0.444000 0.370286 0.000000
0.426857 0.370857 0.000000
0.456571 0.370857 0.000000
0.987429 0.370857 0.000000
0.472571 0.371429 0.000000
0.566857 0.372000 0.000000
0.508000 0.373143 0.000000
0.524571 0.373143 0.000000
0.537714 0.373714 0.000000
0.552571 0.373714 0.000000
0.576571 0.373714 0.000000
0.493143 0.374286 0.000000
0.591429 0.374286 0.000000
0.632000 0.374857 0.000000
0.645143 0.374857 0.000000
0.606857 0.375429 0.000000
0.619429 0.375429 0.000000
0.674286 0.375429 0.000000
0.687429 0.375429 0.000000
0.660000 0.376000 0.000000
0.711429 0.376571 0.000000
0.701714 0.377143 0.000000
0.774286 0.378286 0.000000
0.792571 0.378286 0.000000
0.722286 0.378857 0.000000
0.757714 0.378857 0.000000
0.734857 0.379429 0.000000
0.748571 0.379429 0.000000
0.808000 0.379429 0.000000
0.938286 0.379429 0.000000
0.951429 0.380000 0.000000
0.958857 0.380000 0.000000
0.336571 0.380571 0.000000
0.345143 0.380571 0.000000
0.365143 0.380571 0.000000
0.370857 0.380571 0.000000
0.821143 0.380571 0.000000
0.835429 0.380571 0.000000
0.848000 0.380571 0.000000
0.945143 0.380571 0.000000
0.979429 0.380571 0.000000
0.356000 0.381143 0.000000
0.327429 0.381714 0.000000
0.861143 0.381714 0.000000
0.873143 0.382286 0.000000
0.986857 0.382286 0.000000
0.882857 0.382857 0.000000
0.890286 0.382857 0.000000
0.969714 0.382857 0.000000
0.910857 0.383429 0.000000
0.526286 0.385143 0.000000
0.902286 0.385143 0.000000
0.078857 0.385714 0.000000
0.925714 0.385714 0.000000
0.261714 0.392000 0.000000
0.090286 0.392571 0.000000
0.102286 0.392571 0.000000
0.116571 0.392571 0.000000
0.129143 0.392571 0.000000
0.170286 0.392571 0.000000
0.232571 0.392571 0.000000
0.247429 0.392571 0.000000
0.149714 0.393143 0.000000
0.194857 0.393143 0.000000
0.940000 0.393143 0.000000
0.208000 0.393714 0.000000
0.219429 0.393714 0.000000
0.287429 0.394286 0.000000
0.948000 0.394286 0.000000
0.181143 0.394857 0.000000
0.302857 0.394857 0.000000
0.954857 0.394857 0.000000
0.321143 0.395429 0.000000
0.962857 0.396000 0.000000
0.332571 0.396571 0.000000
0.745714 0.397143 0.000000
0.756000 0.397143 0.000000
0.775429 0.397143 0.000000
0.785714 0.397143 0.000000
0.796000 0.397143 0.000000
0.805714 0.397143 0.000000
0.970286 0.397143 0.000000
0.980571 0.397143 0.000000
0.347429 0.397714 0.000000
0.450286 0.397714 0.000000
0.765714 0.397714 0.000000
0.814286 0.397714 0.000000
0.855429 0.397714 0.000000
0.430286 0.398286 0.000000
0.824000 0.398286 0.000000
0.837714 0.398286 0.000000
0.847429 0.398286 0.000000
0.862857 0.398286 0.000000
0.871429 0.398286 0.000000
0.360571 0.398857 0.000000
0.376000 0.398857 0.000000
0.387429 0.398857 0.000000
0.440571 0.399429 0.000000
0.396571 0.400000 0.000000
0.405143 0.400000 0.000000
0.410857 0.400000 0.000000
0.458857 0.400000 0.000000
0.884000 0.400000 0.000000
0.422286 0.400571 0.000000
0.894286 0.400571 0.000000
0.594286 0.401143 0.000000
0.605143 0.401714 0.000000
0.490857 0.402286 0.000000
0.565143 0.402286 0.000000
0.916571 0.402286 0.000000
0.507429 0.403429 0.000000
0.903429 0.403429 0.000000
0.925143 0.403429 0.000000
0.478857 0.404000 0.000000
0.632571 0.404571 0.000000
0.935429 0.404571 0.000000
0.521143 0.405143 0.000000
0.646286 0.405143 0.000000
0.681143 0.405143 0.000000
0.944571 0.405714 0.000000
0.956000 0.405714 0.000000
0.660571 0.406286 0.000000
0.694857 0.406286 0.000000
0.533143 0.406857 0.000000
0.965714 0.407429 0.000000
0.976571 0.409143 0.000000
0.710857 0.410286 0.000000
0.872571 0.412571 0.000000
0.884000 0.412571 0.000000
0.894857 0.414286 0.000000
0.904571 0.416000 0.000000
0.912000 0.416571 0.000000
0.489714 0.417714 0.000000
0.512571 0.417714 0.000000
0.547429 0.417714 0.000000
0.558857 0.417714 0.000000
0.572000 0.417714 0.000000
0.496571 0.418286 0.000000
0.503429 0.418286 0.000000
0.521714 0.418286 0.000000
0.596000 0.418286 0.000000
0.605714 0.418286 0.000000
0.530857 0.418857 0.000000
0.540000 0.418857 0.000000
0.581143 0.418857 0.000000
0.588000 0.418857 0.000000
0.614857 0.418857 0.000000
0.622286 0.420000 0.000000
0.630286 0.420000 0.000000
0.638857 0.420000 0.000000
0.548980 0.406531 0.000000
0.575918 0.401633 0.000000
0.586939 0.403265 0.000000
0.616327 0.404898 0.000000
0.458367 0.380415 0.000000
0.466939 0.381231 0.000000
0.477959 0.379598 0.000000
0.483673 0.379190 0.000000
0.493878 0.382455 0.000000
0.502449 0.383680 0.000000
0.514694 0.383680 0.000000
0.532653 0.384496 0.000000
0.052245 0.074624 0.000000
0.148163 0.050542 0.000000
0.182449 0.048093 0.000000
0.216327 0.047685 0.000000
0.250204 0.047685 0.000000
0.280000 0.050147 0.000000
0.323265 0.048106 0.000000
0.383673 0.053170 0.000000
0.391837 0.051537 0.000000
0.348980 0.049739 0.000000
0.327347 0.048514 0.000000
0.285306 0.049330 0.000000
0.455510 0.049994 0.000000
0.482041 0.047953 0.000000
0.562857 0.048992 0.000000
0.608980 0.054062 0.000000
0.641633 0.053482 0.000000
0.663265 0.054707 0.000000
0.687755 0.051441 0.000000
0.833061 0.056486 0.000000
0.779592 0.056486 0.000000
0.801633 0.056486 0.000000
0.952245 0.344413 0.000000
