1213.000250 23.999500 0.000000
1467.000500 23.999500 0.000000
1488.000500 23.999500 0.000000
1507.000250 23.999500 0.000000
1227.000250 25.000500 0.000000
1320.999750 25.000500 0.000000
1526.999250 25.000500 0.000000
1241.999500 25.999750 0.000000
1292.000500 25.999750 0.000000
1449.000000 25.999750 0.000000
1542.000250 25.999750 0.000000
1257.999750 27.000750 0.000000
1274.000000 27.000750 0.000000
1337.999250 27.000750 0.000000
1388.000250 27.000750 0.000000
1406.000750 27.000750 0.000000
1427.000750 27.000750 0.000000
1560.000750 27.000750 0.000000
1600.999750 27.000750 0.000000
1309.000000 28.000000 0.000000
1353.999500 28.000000 0.000000
1365.000000 28.000000 0.000000
1581.000750 28.000000 0.000000
779.000250 35.000000 0.000000
798.000000 35.000000 0.000000
760.000500 35.999250 0.000000
601.000750 37.000250 0.000000
681.999500 37.000250 0.000000
741.000750 37.000250 0.000000
812.999250 37.000250 0.000000
945.000000 37.000250 0.000000
1040.999750 37.000250 0.000000
578.000500 37.999500 0.000000
660.000250 37.999500 0.000000
828.999500 37.999500 0.000000
844.000500 37.999500 0.000000
886.999750 37.999500 0.000000
910.000000 37.999500 0.000000
930.000750 37.999500 0.000000
970.999750 37.999500 0.000000
989.999500 37.999500 0.000000
1022.999250 37.999500 0.000000
1057.000000 37.999500 0.000000
625.999500 39.000500 0.000000
644.999250 39.000500 0.000000
702.999500 39.000500 0.000000
721.999250 39.000500 0.000000
868.999250 39.000500 0.000000
1007.000750 39.000500 0.000000
1073.000250 39.000500 0.000000
557.999750 39.999750 0.000000
858.000500 39.999750 0.000000
1089.000500 39.999750 0.000000
436.999500 41.000750 0.000000
459.999750 41.000750 0.000000
1108.000250 41.000750 0.000000
368.000500 42.000000 0.000000
545.000750 42.000000 0.000000
1126.000750 42.000000 0.000000
254.999500 42.999250 0.000000
415.000250 42.999250 0.000000
487.000500 42.999250 0.000000
529.999750 42.999250 0.000000
1143.000250 42.999250 0.000000
224.999250 44.000250 0.000000
305.000500 44.000250 0.000000
336.999250 44.000250 0.000000
394.000250 44.000250 0.000000
511.000000 44.000250 0.000000
1159.000500 44.000250 0.000000
1173.000500 44.000250 0.000000
200.999750 44.999500 0.000000
280.000000 44.999500 0.000000
179.000500 46.000500 0.000000
1211.999250 46.000500 0.000000
151.000500 48.000750 0.000000
1225.000000 48.000750 0.000000
1246.999250 48.000750 0.000000
1334.000500 49.000000 0.000000
1262.999500 49.999250 0.000000
1299.999750 49.999250 0.000000
1318.999500 49.999250 0.000000
1353.000250 49.999250 0.000000
1278.999750 51.000250 0.000000
1374.000250 51.999500 0.000000
1514.000250 51.999500 0.000000
1603.999250 51.999500 0.000000
1411.999750 53.000500 0.000000
1430.000250 53.000500 0.000000
1477.999250 53.000500 0.000000
1535.999500 53.000500 0.000000
1551.999750 53.000500 0.000000
1588.000750 53.000500 0.000000
1614.999750 53.000500 0.000000
1393.999250 53.999750 0.000000
1493.999500 53.999750 0.000000
1567.000750 53.999750 0.000000
1462.000750 55.000750 0.000000
1446.000500 56.000000 0.000000
1427.000750 72.999500 0.000000
1444.999500 74.999750 0.000000
1463.000000 74.999750 0.000000
1481.000500 76.000750 0.000000
1528.000250 76.000750 0.000000
1511.000750 77.000000 0.000000
1497.000750 77.999250 0.000000
1596.000000 77.999250 0.000000
1549.000250 79.000250 0.000000
1565.000500 79.000250 0.000000
1577.999500 79.000250 0.000000
240.999500 79.999500 0.000000
1614.000500 79.999500 0.000000
854.000000 81.999750 0.000000
1628.999750 81.999750 0.000000
1640.999500 81.999750 0.000000
973.999250 84.000000 0.000000
784.000000 86.000250 0.000000
618.999500 88.000500 0.000000
202.000750 88.999750 0.000000
1038.999500 88.999750 0.000000
167.000750 91.999250 0.000000
1024.999500 91.999250 0.000000
1113.999250 91.999250 0.000000
1213.999500 91.999250 0.000000
1260.000000 91.999250 0.000000
1271.999750 91.999250 0.000000
1075.000500 93.999500 0.000000
1376.000500 97.000750 0.000000
1169.999250 98.000000 0.000000
1320.000500 98.000000 0.000000
1330.999250 98.999250 0.000000
1411.999750 100.000250 0.000000
1449.999250 100.000250 0.000000
576.999500 105.000000 0.000000
637.000000 105.999250 0.000000
226.000250 107.999500 0.000000
251.000750 107.999500 0.000000
333.999750 107.999500 0.000000
492.999500 107.999500 0.000000
602.999250 107.999500 0.000000
149.000250 109.000500 0.000000
308.000000 109.000500 0.000000
662.000500 109.000500 0.000000
170.999500 109.999750 0.000000
279.000750 109.999750 0.000000
539.000000 109.999750 0.000000
688.000250 109.999750 0.000000
742.999250 109.999750 0.000000
893.000500 109.999750 0.000000
994.999250 109.999750 0.000000
202.000750 111.000750 0.000000
366.999500 111.000750 0.000000
713.000750 111.000750 0.000000
767.999750 111.000750 0.000000
795.000500 111.000750 0.000000
821.999500 111.000750 0.000000
842.999500 111.000750 0.000000
468.000750 112.000000 0.000000
865.000500 112.000000 0.000000
940.999500 112.000000 0.000000
417.999750 112.999250 0.000000
970.000500 112.999250 0.000000
1015.000000 112.999250 0.000000
392.999250 114.000250 0.000000
914.000500 114.000250 0.000000
441.999250 116.999750 0.000000
1035.000750 116.999750 0.000000
1092.999250 116.999750 0.000000
1229.999750 116.999750 0.000000
1252.000750 116.999750 0.000000
1120.000000 118.000750 0.000000
1064.000000 119.000000 0.000000
1175.000750 119.999250 0.000000
1203.000750 119.999250 0.000000
1267.000000 119.999250 0.000000
1148.999250 121.000250 0.000000
1288.000000 121.999500 0.000000
1315.000750 123.000500 0.000000
1344.999250 123.000500 0.000000
1390.999750 123.000500 0.000000
1493.000250 123.000500 0.000000
1416.000250 123.999750 0.000000
1369.999750 125.000750 0.000000
1446.999750 125.000750 0.000000
1474.999750 125.000750 0.000000
1540.999250 126.000000 0.000000
1516.999750 128.000250 0.000000
1575.000000 128.000250 0.000000
39.999750 130.999750 0.000000
56.000000 130.999750 0.000000
74.000500 130.999750 0.000000
842.999500 130.999750 0.000000
1603.000000 130.999750 0.000000
277.000500 147.000000 0.000000
490.999250 147.999250 0.000000
517.000750 147.999250 0.000000
625.999500 147.999250 0.000000
657.000750 147.999250 0.000000
233.000250 149.000250 0.000000
252.000000 149.000250 0.000000
303.999500 149.000250 0.000000
462.000000 149.000250 0.000000
541.000250 149.000250 0.000000
338.999500 149.999500 0.000000
366.999500 149.999500 0.000000
599.999750 149.999500 0.000000
685.000750 149.999500 0.000000
714.999250 149.999500 0.000000
856.999500 149.999500 0.000000
889.999250 149.999500 0.000000
186.000500 151.000500 0.000000
210.999250 151.000500 0.000000
567.999250 151.000500 0.000000
739.000500 151.000500 0.000000
161.000000 151.999750 0.000000
835.999500 151.999750 0.000000
146.000750 153.000750 0.000000
389.999750 153.000750 0.000000
767.000500 153.000750 0.000000
819.999250 153.000750 0.000000
912.999500 153.000750 0.000000
935.999750 153.000750 0.000000
1000.000750 153.000750 0.000000
1019.000500 153.000750 0.000000
417.000500 154.000000 0.000000
438.999750 154.000000 0.000000
980.999250 154.000000 0.000000
793.999500 154.999250 0.000000
956.000500 154.999250 0.000000
1047.999750 156.000250 0.000000
1108.999500 158.000500 0.000000
1203.000750 158.000500 0.000000
1078.999250 158.999750 0.000000
1150.000250 160.000750 0.000000
1129.000250 161.000000 0.000000
1176.000000 161.000000 0.000000
1225.000000 161.000000 0.000000
1257.000500 165.999750 0.000000
1304.000250 165.999750 0.000000
1327.999750 167.000750 0.000000
1271.000500 168.999250 0.000000
1362.000500 170.000250 0.000000
1409.000250 175.999250 0.000000
55.000750 177.999500 0.000000
1472.999500 177.999500 0.000000
1490.000750 177.999500 0.000000
1456.999250 179.000500 0.000000
1505.999250 179.999750 0.000000
1439.000500 181.000750 0.000000
1526.999250 182.000000 0.000000
1581.000750 182.000000 0.000000
1600.000500 182.000000 0.000000
1561.999250 182.999250 0.000000
646.000250 186.000500 0.000000
464.000250 186.999750 0.000000
494.999750 186.999750 0.000000
555.999500 186.999750 0.000000
758.999500 186.999750 0.000000
263.000500 188.000750 0.000000
590.000250 188.000750 0.000000
814.999500 188.000750 0.000000
291.999750 189.000000 0.000000
384.000750 189.000000 0.000000
443.000250 189.000000 0.000000
525.999250 189.000000 0.000000
707.999250 189.000000 0.000000
788.999750 189.000000 0.000000
849.000250 189.000000 0.000000
877.999500 189.000000 0.000000
245.000000 189.999250 0.000000
326.999750 189.999250 0.000000
354.999750 189.999250 0.000000
671.000750 189.999250 0.000000
692.000750 189.999250 0.000000
728.999250 189.999250 0.000000
905.999500 189.999250 0.000000
214.999750 191.000250 0.000000
968.999500 191.000250 0.000000
191.999500 191.999500 0.000000
935.999750 191.999500 0.000000
989.999500 191.999500 0.000000
1082.000500 191.999500 0.000000
179.000500 193.000500 0.000000
1017.000250 193.000500 0.000000
618.000250 193.999750 0.000000
1057.000000 193.999750 0.000000
1106.999250 193.999750 0.000000
147.000000 195.000750 0.000000
165.000500 195.000750 0.000000
1040.999750 195.000750 0.000000
1136.000250 196.999250 0.000000
1220.999500 196.999250 0.000000
1162.000000 198.000250 0.000000
1187.999750 200.000500 0.000000
1337.000000 203.000000 0.000000
1395.000250 203.000000 0.000000
1308.000750 203.999250 0.000000
1372.000000 203.999250 0.000000
1278.000500 205.999500 0.000000
1420.000750 207.000500 0.000000
1439.000500 207.999750 0.000000
1460.000500 210.000000 0.000000
1488.999750 210.000000 0.000000
1546.000750 214.999750 0.000000
1574.000750 214.999750 0.000000
1512.999250 216.000750 0.000000
1610.999250 219.000250 0.000000
170.000250 226.000250 0.000000
189.999250 228.999750 0.000000
212.000250 228.999750 0.000000
518.999250 228.999750 0.000000
151.000500 230.000750 0.000000
429.999500 230.000750 0.000000
545.000750 230.000750 0.000000
231.000000 231.000000 0.000000
335.000750 231.000000 0.000000
620.000500 231.000000 0.000000
252.000000 231.999250 0.000000
368.000500 231.999250 0.000000
464.000250 231.999250 0.000000
581.000000 231.999250 0.000000
401.999500 233.000250 0.000000
492.999500 233.000250 0.000000
606.000500 233.000250 0.000000
737.999500 233.000250 0.000000
650.000750 233.999500 0.000000
704.000500 233.999500 0.000000
767.000500 233.999500 0.000000
273.999250 235.000500 0.000000
676.000500 235.000500 0.000000
919.999500 235.000500 0.000000
300.000750 235.999750 0.000000
863.000250 238.000000 0.000000
935.999750 238.000000 0.000000
809.999750 238.999250 0.000000
823.999750 238.999250 0.000000
893.000500 238.999250 0.000000
959.999250 240.999500 0.000000
1092.000000 242.000500 0.000000
987.999250 242.999750 0.000000
1015.000000 242.999750 0.000000
1040.000500 242.999750 0.000000
1063.000750 242.999750 0.000000
1250.000500 245.999250 0.000000
1393.000000 247.000250 0.000000
1126.000750 247.999500 0.000000
1276.000250 247.999500 0.000000
1364.000750 247.999500 0.000000
1217.000750 249.000500 0.000000
1297.999500 249.000500 0.000000
1309.000000 249.000500 0.000000
1332.999500 249.000500 0.000000
1182.000750 251.000750 0.000000
1421.000000 251.000750 0.000000
1470.999250 252.000000 0.000000
1155.000000 252.999250 0.000000
1442.000000 254.000250 0.000000
1498.000000 254.999500 0.000000
1526.999250 256.999750 0.000000
1554.999250 256.999750 0.000000
1591.999500 265.000750 0.000000
326.999750 268.000250 0.000000
151.000500 270.999750 0.000000
280.000000 272.000750 0.000000
308.999250 272.000750 0.000000
249.999750 273.000000 0.000000
457.000250 273.000000 0.000000
224.000000 275.000250 0.000000
361.999750 275.000250 0.000000
392.999250 275.000250 0.000000
422.999500 275.000250 0.000000
483.000000 275.000250 0.000000
541.999500 275.000250 0.000000
203.999250 275.999500 0.000000
515.000500 275.999500 0.000000
182.000000 277.999750 0.000000
569.000250 277.999750 0.000000
728.999250 279.000750 0.000000
777.000000 280.000000 0.000000
606.999750 280.999250 0.000000
665.000000 280.999250 0.000000
706.000750 280.999250 0.000000
749.999250 280.999250 0.000000
630.999250 282.000250 0.000000
833.999250 284.000500 0.000000
870.000250 284.999750 0.000000
909.000750 287.000000 0.000000
944.000750 287.000000 0.000000
807.999500 289.000250 0.000000
973.000000 289.000250 0.000000
1005.999750 289.000250 0.000000
1080.999500 289.000250 0.000000
1049.000750 289.999500 0.000000
1290.000250 291.999750 0.000000
1395.000250 291.999750 0.000000
1178.000250 293.000750 0.000000
1215.000500 293.000750 0.000000
1255.000250 293.000750 0.000000
1455.000750 293.000750 0.000000
1486.000250 293.000750 0.000000
1108.999500 294.000000 0.000000
1141.000000 294.000000 0.000000
1372.000000 294.000000 0.000000
1316.999250 294.999250 0.000000
1344.000000 294.999250 0.000000
1416.000250 294.999250 0.000000
1514.999500 296.000250 0.000000
1549.000250 298.000500 0.000000
1589.000000 301.999250 0.000000
202.000750 310.999500 0.000000
182.000000 312.000500 0.000000
149.999500 312.999750 0.000000
291.999750 314.000750 0.000000
237.000750 315.000000 0.000000
506.999500 315.000000 0.000000
352.999500 315.999250 0.000000
433.000750 315.999250 0.000000
457.000250 315.999250 0.000000
326.999750 317.999500 0.000000
384.000750 317.999500 0.000000
408.000250 317.999500 0.000000
476.999250 317.999500 0.000000
587.000750 322.000000 0.000000
560.000000 322.999250 0.000000
609.000000 322.999250 0.000000
632.000250 322.999250 0.000000
662.999750 322.999250 0.000000
700.000000 322.999250 0.000000
758.999500 322.999250 0.000000
728.999250 324.000250 0.000000
784.000000 324.999500 0.000000
865.999750 324.999500 0.000000
888.000750 324.999500 0.000000
812.000000 326.000500 0.000000
914.000500 326.000500 0.000000
1080.000250 326.999750 0.000000
840.000000 328.000750 0.000000
951.000750 328.000750 0.000000
1000.000750 329.999250 0.000000
1024.999500 329.999250 0.000000
1108.000250 329.999250 0.000000
975.000250 331.000250 0.000000
1054.999750 331.000250 0.000000
1127.000000 331.999500 0.000000
1145.999750 331.999500 0.000000
1171.999500 331.999500 0.000000
1194.999750 333.000500 0.000000
1561.999250 333.000500 0.000000
1218.999250 335.000750 0.000000
1273.000750 335.000750 0.000000
1297.999500 335.000750 0.000000
1346.999500 335.000750 0.000000
1248.999500 336.000000 0.000000
1404.000500 336.000000 0.000000
1467.999750 336.000000 0.000000
1372.000000 336.999250 0.000000
1530.000500 336.999250 0.000000
1593.000500 336.999250 0.000000
1322.000750 338.000250 0.000000
1435.999250 338.000250 0.000000
42.000000 340.000500 0.000000
62.000750 340.000500 0.000000
1484.999250 340.000500 0.000000
84.000000 340.999750 0.000000
98.000000 343.999250 0.000000
112.000000 343.999250 0.000000
1621.000500 345.999500 0.000000
247.000250 347.999750 0.000000
224.000000 349.000750 0.000000
151.999750 350.000000 0.000000
209.000750 350.000000 0.000000
301.000000 350.000000 0.000000
350.999250 350.000000 0.000000
184.000250 352.000250 0.000000
321.000750 352.000250 0.000000
275.000250 352.999500 0.000000
415.000250 352.999500 0.000000
440.000750 354.999750 0.000000
469.000000 354.999750 0.000000
378.000000 356.000750 0.000000
492.999500 356.000750 0.000000
508.999750 357.000000 0.000000
599.999750 357.000000 0.000000
567.000000 357.999250 0.000000
639.999500 357.999250 0.000000
679.000000 357.999250 0.000000
534.000250 359.999500 0.000000
711.999750 361.999750 0.000000
742.000000 361.999750 0.000000
767.000500 361.999750 0.000000
791.999250 361.999750 0.000000
881.000750 361.999750 0.000000
945.000000 361.999750 0.000000
851.999750 363.000750 0.000000
917.000000 363.000750 0.000000
1038.999500 363.000750 0.000000
980.000000 364.000000 0.000000
1008.999250 364.000000 0.000000
72.000250 364.999250 0.000000
816.999750 364.999250 0.000000
1094.000250 366.000250 0.000000
37.999500 366.999500 0.000000
53.999750 366.999500 0.000000
1117.999750 366.999500 0.000000
91.000000 368.000500 0.000000
121.000250 368.000500 0.000000
1068.000500 368.000500 0.000000
1141.999250 368.000500 0.000000
105.999250 368.999750 0.000000
1238.000750 370.000750 0.000000
1176.999250 371.000000 0.000000
1197.000000 371.999250 0.000000
1295.000000 373.000250 0.000000
1320.000500 373.999500 0.000000
1346.000250 373.999500 0.000000
1400.000000 373.999500 0.000000
1481.000500 373.999500 0.000000
1372.999250 375.000500 0.000000
1425.999750 375.000500 0.000000
1451.000250 375.000500 0.000000
1509.999750 375.000500 0.000000
1591.000250 375.000500 0.000000
1544.000500 375.999750 0.000000
1262.999500 377.000750 0.000000
1570.000250 377.000750 0.000000
1619.000250 378.999250 0.000000
286.000750 387.000250 0.000000
315.999250 389.000500 0.000000
350.000000 389.000500 0.000000
401.000250 389.000500 0.000000
158.999750 389.999750 0.000000
182.999250 389.999750 0.000000
259.000000 389.999750 0.000000
203.000000 391.000750 0.000000
375.999750 391.000750 0.000000
221.000500 392.000000 0.000000
429.000250 392.000000 0.000000
452.000500 392.000000 0.000000
42.000000 392.999250 0.000000
478.999500 394.000250 0.000000
60.000500 394.999500 0.000000
72.999500 394.999500 0.000000
501.999750 394.999500 0.000000
522.000500 394.999500 0.000000
704.000500 394.999500 0.000000
552.000750 396.000500 0.000000
760.000500 396.000500 0.000000
576.999500 396.999750 0.000000
730.000250 396.999750 0.000000
793.000250 398.000750 0.000000
606.999750 399.000000 0.000000
681.000250 399.000000 0.000000
891.999500 399.000000 0.000000
653.000250 399.999250 0.000000
632.000250 401.000250 0.000000
828.999500 401.000250 0.000000
954.000250 401.000250 0.000000
1045.999500 401.999500 0.000000
858.000500 403.000500 0.000000
1019.999750 405.000750 0.000000
1117.999750 405.000750 0.000000
1080.999500 406.999250 0.000000
1148.000000 408.000250 0.000000
1175.000750 408.999500 0.000000
1236.999750 410.000500 0.000000
1206.999500 412.000750 0.000000
1299.000500 413.999250 0.000000
1388.999500 413.999250 0.000000
1269.999500 415.000250 0.000000
1325.000250 415.000250 0.000000
1353.000250 415.000250 0.000000
1428.000000 415.999500 0.000000
1458.999500 417.000500 0.000000
1488.000500 419.000750 0.000000
1521.999500 419.000750 0.000000
1602.000750 422.000250 0.000000
1563.000250 422.999500 0.000000
189.999250 429.999500 0.000000
160.000750 431.999750 0.000000
235.000500 431.999750 0.000000
272.000750 431.999750 0.000000
333.999750 433.000750 0.000000
303.000250 434.000000 0.000000
356.000750 434.999250 0.000000
382.000500 436.000250 0.000000
721.999250 436.000250 0.000000
401.000250 436.999500 0.000000
1721.000750 436.999500 0.000000
417.000500 438.000500 0.000000
489.000750 438.000500 0.000000
613.000500 438.000500 0.000000
840.999250 438.000500 0.000000
438.000500 438.999750 0.000000
462.000000 438.999750 0.000000
511.999250 438.999750 0.000000
639.000250 438.999750 0.000000
672.000000 438.999750 0.000000
704.999750 438.999750 0.000000
751.000250 438.999750 0.000000
1638.999250 438.999750 0.000000
1663.000500 438.999750 0.000000
1677.000500 438.999750 0.000000
1693.000750 438.999750 0.000000
555.000250 440.000750 0.000000
585.999750 440.000750 0.000000
1651.000750 440.000750 0.000000
772.999500 441.000000 0.000000
811.000750 441.000000 0.000000
865.000500 441.999250 0.000000
895.000750 443.000250 0.000000
977.999750 443.000250 0.000000
947.999500 445.000500 0.000000
1008.999250 445.999750 0.000000
921.999750 447.000750 0.000000
1038.999500 448.000000 0.000000
1115.999500 448.999250 0.000000
1064.999250 450.000250 0.000000
1089.000500 450.000250 0.000000
1229.999750 450.999500 0.000000
1157.999500 452.000500 0.000000
1283.999500 452.999750 0.000000
1190.999250 454.000750 0.000000
1259.000750 454.000750 0.000000
170.000250 455.000000 0.000000
210.000000 455.000000 0.000000
151.000500 455.999250 0.000000
189.000000 455.999250 0.000000
1322.000750 457.000250 0.000000
1362.000500 457.999500 0.000000
1393.000000 459.999750 0.000000
1463.000000 461.000750 0.000000
1703.000250 461.000750 0.000000
1425.999750 462.000000 0.000000
1495.000500 462.000000 0.000000
1686.000750 462.000000 0.000000
1521.999500 462.999250 0.000000
1547.000000 462.999250 0.000000
1633.999500 462.999250 0.000000
1645.999250 462.999250 0.000000
1659.000000 462.999250 0.000000
1672.000750 462.999250 0.000000
1610.999250 464.000250 0.000000
1719.999750 464.000250 0.000000
1582.999250 466.000500 0.000000
42.000000 468.000750 0.000000
62.000750 468.000750 0.000000
84.999250 468.000750 0.000000
72.999500 469.000000 0.000000
98.999250 469.000000 0.000000
114.999500 469.000000 0.000000
240.999500 476.000000 0.000000
280.999250 476.000000 0.000000
438.999750 476.000000 0.000000
310.000250 476.999250 0.000000
399.000000 478.000250 0.000000
501.000500 478.000250 0.000000
412.000750 478.999500 0.000000
471.000250 478.999500 0.000000
543.000500 478.999500 0.000000
214.999750 480.000500 0.000000
165.000500 480.999750 0.000000
195.000750 480.999750 0.000000
343.999250 480.999750 0.000000
373.999500 480.999750 0.000000
571.000500 483.999250 0.000000
595.999250 485.000250 0.000000
732.000500 485.000250 0.000000
1635.000500 485.000250 0.000000
779.999500 485.999500 0.000000
42.999250 487.000500 0.000000
756.999250 487.000500 0.000000
1645.999250 487.000500 0.000000
620.999750 487.999750 0.000000
704.000500 487.999750 0.000000
879.999750 487.999750 0.000000
1659.000000 487.999750 0.000000
1675.999500 487.999750 0.000000
1696.999500 487.999750 0.000000
1717.000250 487.999750 0.000000
60.000500 489.000750 0.000000
70.999250 489.000750 0.000000
86.000250 489.000750 0.000000
802.000500 489.000750 0.000000
849.999500 489.000750 0.000000
650.000750 490.000000 0.000000
665.999250 490.000000 0.000000
826.999250 490.000000 0.000000
905.000250 490.000000 0.000000
933.999500 490.000000 0.000000
102.000500 490.999250 0.000000
683.999750 490.999250 0.000000
959.000000 490.999250 0.000000
1073.999500 492.000250 0.000000
1021.000750 494.000500 0.000000
1049.000750 494.000500 0.000000
989.000250 494.999750 0.000000
1101.000250 494.999750 0.000000
1208.999750 494.999750 0.000000
1176.000000 496.000750 0.000000
1234.000250 496.000750 0.000000
1122.999500 497.000000 0.000000
1161.000750 497.000000 0.000000
1138.999750 497.999250 0.000000
1283.999500 499.000250 0.000000
1320.000500 499.000250 0.000000
1348.000500 499.000250 0.000000
1556.000250 499.000250 0.000000
1376.000500 499.999500 0.000000
1406.000750 501.000500 0.000000
1430.999500 501.000500 0.000000
1509.999750 501.000500 0.000000
1463.000000 501.999750 0.000000
1490.000750 501.999750 0.000000
1537.999750 501.999750 0.000000
1579.000500 504.000000 0.000000
1607.999750 506.999500 0.000000
1651.000750 510.000750 0.000000
1638.000000 511.999250 0.000000
1668.999500 511.999250 0.000000
1684.000500 513.000250 0.000000
151.999750 513.999500 0.000000
268.000250 513.999500 0.000000
95.999750 515.000500 0.000000
170.000250 515.000500 0.000000
1696.999500 515.000500 0.000000
1708.999250 515.000500 0.000000
42.999250 515.999750 0.000000
65.000250 515.999750 0.000000
308.999250 515.999750 0.000000
1722.000000 515.999750 0.000000
329.000000 517.000750 0.000000
357.999250 517.000750 0.000000
205.000250 518.000000 0.000000
238.000000 518.000000 0.000000
403.999750 518.999250 0.000000
380.000250 520.000250 0.000000
431.000500 520.000250 0.000000
464.000250 520.000250 0.000000
487.000500 522.000500 0.000000
513.000250 522.000500 0.000000
539.999250 522.000500 0.000000
567.999250 522.999750 0.000000
592.000500 524.000750 0.000000
683.000500 527.000250 0.000000
767.999750 527.000250 0.000000
641.000500 527.999500 0.000000
739.999750 527.999500 0.000000
800.000250 529.000500 0.000000
618.000250 529.999750 0.000000
714.000000 531.000750 0.000000
832.000750 531.000750 0.000000
854.000000 531.000750 0.000000
928.000500 531.000750 0.000000
972.000750 531.000750 0.000000
886.999750 532.000000 0.000000
956.000500 532.000000 0.000000
998.999750 532.999250 0.000000
1047.999750 534.000250 0.000000
1638.999250 534.999500 0.000000
1726.000500 534.999500 0.000000
1026.000500 536.000500 0.000000
1322.000750 536.000500 0.000000
1652.000000 536.000500 0.000000
1673.000000 536.000500 0.000000
1694.000000 536.000500 0.000000
1710.000250 536.000500 0.000000
1218.999250 536.999750 0.000000
1360.000250 536.999750 0.000000
1075.999750 538.000750 0.000000
1131.000500 538.000750 0.000000
1157.999500 538.000750 0.000000
1278.999750 538.000750 0.000000
1379.999250 538.000750 0.000000
1246.999250 539.000000 0.000000
1299.999750 539.000000 0.000000
1103.999750 539.999250 0.000000
1183.999250 539.999250 0.000000
1409.000250 539.999250 0.000000
1442.000000 539.999250 0.000000
69.000750 543.000500 0.000000
91.000000 543.000500 0.000000
1537.000500 543.000500 0.000000
55.000750 543.999750 0.000000
1484.000000 543.999750 0.000000
1511.000750 545.000750 0.000000
1556.000250 545.000750 0.000000
41.000750 546.000000 0.000000
116.000500 546.000000 0.000000
1568.999250 546.000000 0.000000
1591.999500 546.000000 0.000000
1616.000750 550.000500 0.000000
203.999250 553.999250 0.000000
307.000750 553.999250 0.000000
228.000500 555.000250 0.000000
252.999250 555.000250 0.000000
280.999250 555.000250 0.000000
179.999750 555.999500 0.000000
359.999500 555.999500 0.000000
1638.000000 555.999500 0.000000
156.999500 557.000500 0.000000
331.999500 557.000500 0.000000
385.999250 557.999750 0.000000
1652.999250 557.999750 0.000000
1715.999250 557.999750 0.000000
1682.000250 559.000750 0.000000
1694.000000 559.000750 0.000000
1726.999750 559.000750 0.000000
412.000750 560.000000 0.000000
536.000500 560.000000 0.000000
1668.000250 560.000000 0.000000
473.000500 560.999250 0.000000
443.999500 562.000250 0.000000
504.000000 562.000250 0.000000
627.999750 562.000250 0.000000
683.999750 562.000250 0.000000
567.999250 562.999500 0.000000
597.000250 562.999500 0.000000
653.000250 562.999500 0.000000
723.999500 567.000000 0.000000
760.000500 567.999250 0.000000
793.000250 569.000250 0.000000
816.999750 569.000250 0.000000
847.999250 571.000500 0.000000
884.999500 571.000500 0.000000
917.999250 571.000500 0.000000
44.000250 573.000750 0.000000
67.999750 574.000000 0.000000
90.000750 574.000000 0.000000
111.000750 574.000000 0.000000
980.000000 574.000000 0.000000
1012.000500 576.000250 0.000000
1066.999500 576.000250 0.000000
1080.999500 576.000250 0.000000
1042.000750 576.999500 0.000000
1638.999250 576.999500 0.000000
944.000750 578.000500 0.000000
1110.999750 578.999750 0.000000
1166.999750 578.999750 0.000000
1659.000000 578.999750 0.000000
1199.000250 580.000750 0.000000
1364.000750 580.000750 0.000000
1393.999250 580.000750 0.000000
1138.000500 581.000000 0.000000
1250.000500 581.000000 0.000000
1677.999750 581.000000 0.000000
1694.000000 581.000000 0.000000
1705.999750 581.000000 0.000000
1222.000500 581.999250 0.000000
1295.999250 581.999250 0.000000
1341.000500 581.999250 0.000000
1721.000750 581.999250 0.000000
1490.000750 583.000250 0.000000
1465.999500 583.999500 0.000000
1533.000000 583.999500 0.000000
1428.999250 585.000500 0.000000
1509.000500 585.000500 0.000000
1560.000750 585.000500 0.000000
1582.999250 587.000750 0.000000
196.000000 588.000000 0.000000
1607.999750 588.000000 0.000000
377.000750 590.000250 0.000000
158.999750 590.999500 0.000000
182.000000 590.999500 0.000000
221.000500 590.999500 0.000000
259.000000 590.999500 0.000000
298.000500 590.999500 0.000000
326.999750 590.999500 0.000000
273.999250 592.000500 0.000000
350.000000 592.000500 0.000000
396.000500 592.999750 0.000000
424.000500 595.999250 0.000000
455.999250 597.000250 0.000000
513.999500 597.000250 0.000000
569.000250 597.000250 0.000000
622.000750 597.000250 0.000000
39.999750 597.999500 0.000000
70.999250 597.999500 0.000000
485.000250 597.999500 0.000000
543.000500 599.000500 0.000000
597.000250 599.000500 0.000000
1640.000250 599.000500 0.000000
1654.000250 599.000500 0.000000
53.000500 599.999750 0.000000
644.000000 599.999750 0.000000
667.999500 602.000000 0.000000
695.999500 602.999250 0.000000
1722.000000 604.000250 0.000000
723.999500 604.999500 0.000000
795.000500 604.999500 0.000000
760.999750 606.000500 0.000000
819.000000 606.000500 0.000000
865.999750 606.000500 0.000000
1677.000500 606.000500 0.000000
842.000250 606.999750 0.000000
896.000000 609.000000 0.000000
1698.999750 609.000000 0.000000
959.999250 609.999250 0.000000
984.999750 609.999250 0.000000
942.999750 611.000250 0.000000
1010.999500 611.999500 0.000000
1040.999750 611.999500 0.000000
1066.000250 611.999500 0.000000
1115.999500 611.999500 0.000000
926.999500 613.000500 0.000000
1089.999750 613.999750 0.000000
1143.999500 616.999250 0.000000
1180.000500 616.999250 0.000000
1236.999750 616.999250 0.000000
1656.000500 616.999250 0.000000
1162.999250 618.000250 0.000000
1204.000000 618.000250 0.000000
1266.000750 618.999500 0.000000
1346.000250 618.999500 0.000000
91.999250 620.000500 0.000000
105.000000 620.999750 0.000000
1292.999750 620.999750 0.000000
1378.000750 620.999750 0.000000
1316.999250 622.000750 0.000000
1509.000500 623.000000 0.000000
1409.999500 623.999250 0.000000
1497.000750 623.999250 0.000000
177.000250 625.000250 0.000000
1442.999250 625.000250 0.000000
1542.999500 625.000250 0.000000
1670.999750 625.000250 0.000000
1525.000750 625.999500 0.000000
1570.999500 625.999500 0.000000
154.999250 627.000500 0.000000
1474.000500 627.000500 0.000000
1556.999500 627.000500 0.000000
1596.999250 627.000500 0.000000
1687.000000 627.000500 0.000000
1614.999750 627.999750 0.000000
1703.999500 629.000750 0.000000
1722.000000 629.000750 0.000000
209.000750 630.000000 0.000000
282.000250 630.999250 0.000000
235.999750 632.000250 0.000000
261.000250 632.000250 0.000000
438.999750 634.000500 0.000000
305.999750 634.999750 0.000000
340.000500 634.999750 0.000000
410.999750 636.000750 0.000000
471.999500 636.000750 0.000000
363.000750 637.000000 0.000000
385.999250 637.000000 0.000000
497.000000 637.999250 0.000000
524.000750 637.999250 0.000000
564.999750 637.999250 0.000000
1645.999250 637.999250 0.000000
545.000750 639.000250 0.000000
585.999750 639.999500 0.000000
609.000000 639.999500 0.000000
643.000750 641.000500 0.000000
1659.999250 641.999750 0.000000
676.000500 643.000750 0.000000
1673.000000 643.000750 0.000000
1686.000750 644.000000 0.000000
699.000750 646.000250 0.000000
728.999250 646.999500 0.000000
1703.999500 646.999500 0.000000
777.000000 648.000500 0.000000
746.999750 648.999750 0.000000
798.999250 648.999750 0.000000
1728.000750 648.999750 0.000000
826.999250 650.000750 0.000000
991.999750 651.000000 0.000000
889.000000 653.000250 0.000000
917.999250 653.000250 0.000000
940.999500 653.999500 0.000000
966.999250 653.999500 0.000000
1008.999250 653.999500 0.000000
863.000250 655.000500 0.000000
1035.000750 655.000500 0.000000
1106.000000 655.999750 0.000000
1129.000250 655.999750 0.000000
1061.999750 657.000750 0.000000
1084.000750 657.000750 0.000000
1180.000500 657.000750 0.000000
1203.000750 657.000750 0.000000
1155.000000 658.000000 0.000000
1245.000750 658.999250 0.000000
1227.999500 660.000250 0.000000
1355.000500 662.000500 0.000000
1386.999250 662.000500 0.000000
1264.000500 662.999750 0.000000
1325.999500 662.999750 0.000000
1285.999750 664.000750 0.000000
1309.999250 664.000750 0.000000
1414.000000 664.000750 0.000000
1642.000500 664.000750 0.000000
1665.000750 665.000000 0.000000
1677.999750 665.000000 0.000000
588.999250 665.999250 0.000000
604.000250 665.999250 0.000000
639.000250 665.999250 0.000000
648.999750 665.999250 0.000000
1437.000250 665.999250 0.000000
1462.000750 665.999250 0.000000
1484.000000 665.999250 0.000000
1654.000250 665.999250 0.000000
1714.000750 665.999250 0.000000
623.000000 667.000250 0.000000
573.000750 667.999500 0.000000
1507.000250 667.999500 0.000000
1528.000250 669.000500 0.000000
1726.999750 669.000500 0.000000
1544.999750 669.999750 0.000000
1558.000500 669.999750 0.000000
1696.999500 669.999750 0.000000
1593.999750 671.000750 0.000000
921.000500 674.000250 0.000000
1579.000500 674.000250 0.000000
137.999750 674.999500 0.000000
1619.999500 674.999500 0.000000
457.999500 686.000000 0.000000
158.000500 686.999250 0.000000
179.000500 686.999250 0.000000
203.999250 686.999250 0.000000
226.000250 686.999250 0.000000
298.000500 686.999250 0.000000
406.999250 686.999250 0.000000
433.000750 686.999250 0.000000
261.999500 688.000250 0.000000
340.999750 688.000250 0.000000
1645.000000 688.000250 0.000000
364.000000 688.999500 0.000000
384.000750 688.999500 0.000000
503.000750 690.000500 0.000000
1659.000000 690.000500 0.000000
317.000250 690.999750 0.000000
529.999750 690.999750 0.000000
1670.999750 690.999750 0.000000
562.000250 692.000750 0.000000
1684.999750 693.000000 0.000000
581.999250 693.999250 0.000000
1304.999500 695.000250 0.000000
1323.000000 695.000250 0.000000
1357.000750 695.000250 0.000000
1374.999500 695.000250 0.000000
1393.000000 695.000250 0.000000
1409.999500 695.000250 0.000000
1698.000500 695.000250 0.000000
1715.999250 695.000250 0.000000
608.000750 695.999500 0.000000
788.000500 695.999500 0.000000
1339.999500 695.999500 0.000000
1425.000500 695.999500 0.000000
1497.000750 695.999500 0.000000
753.000500 697.000500 0.000000
1442.000000 697.000500 0.000000
1465.999500 697.000500 0.000000
1483.000750 697.000500 0.000000
1509.999750 697.000500 0.000000
1525.000750 697.000500 0.000000
630.999250 697.999750 0.000000
658.000000 697.999750 0.000000
678.000750 697.999750 0.000000
770.999250 699.000750 0.000000
693.999250 700.000000 0.000000
709.000250 700.000000 0.000000
718.999750 700.000000 0.000000
802.999750 700.000000 0.000000
1547.000000 700.000000 0.000000
739.000500 700.999250 0.000000
1565.000500 700.999250 0.000000
1040.000500 702.000250 0.000000
1059.000250 702.999500 0.000000
858.999750 704.000500 0.000000
989.000250 704.000500 0.000000
1603.999250 704.000500 0.000000
888.000750 706.000750 0.000000
1581.000750 706.000750 0.000000
1619.000250 706.000750 0.000000
837.999750 707.000000 0.000000
1106.999250 707.999250 0.000000
1637.000750 707.999250 0.000000
912.000250 709.000250 0.000000
1131.000500 709.000250 0.000000
1192.000250 709.000250 0.000000
1652.999250 709.999500 0.000000
1673.000000 709.999500 0.000000
1155.999250 711.000500 0.000000
1215.999750 711.000500 0.000000
933.000250 711.999750 0.000000
1689.999500 713.000750 0.000000
1708.999250 716.000250 0.000000
1243.999750 718.000500 0.000000
1526.999250 721.999250 0.000000
1547.000000 721.999250 0.000000
1565.999750 725.000500 0.000000
1582.999250 728.000000 0.000000
1596.000000 728.999250 0.000000
856.999500 730.999500 0.000000
896.999250 730.999500 0.000000
958.000750 730.999500 0.000000
977.999750 730.999500 0.000000
1001.000000 730.999500 0.000000
868.999250 732.000500 0.000000
881.000750 732.000500 0.000000
912.999500 732.000500 0.000000
1043.000000 732.000500 0.000000
1059.999500 732.000500 0.000000
928.999750 732.999750 0.000000
945.000000 732.999750 0.000000
1017.000250 732.999750 0.000000
1029.000000 732.999750 0.000000
1075.999750 732.999750 0.000000
1089.000500 735.000000 0.000000
1103.000500 735.000000 0.000000
1117.999750 735.000000 0.000000
960.714286 711.428571 0.000000
1007.857143 702.857143 0.000000
1027.142857 705.714286 0.000000
1078.571429 708.571429 0.000000
802.142857 665.725446 0.000000
817.142857 667.154018 0.000000
836.428571 664.296875 0.000000
846.428571 663.582589 0.000000
864.285714 669.296875 0.000000
879.285714 671.439732 0.000000
900.714286 671.439732 0.000000
932.142857 672.868304 0.000000
91.428571 130.591518 0.000000
259.285714 88.448661 0.000000
319.285714 84.162946 0.000000
378.571429 83.448661 0.000000
437.857143 83.448661 0.000000
490.000000 87.756696 0.000000
565.714286 84.185268 0.000000
671.428571 93.046875 0.000000
685.714286 90.189732 0.000000
610.714286 87.042411 0.000000
572.857143 84.899554 0.000000
499.285714 86.328125 0.000000
797.142857 87.488839 0.000000
843.571429 83.917411 0.000000
985.000000 85.736607 0.000000
1065.714286 94.609375 0.000000
1122.857143 93.593750 0.000000
1160.714286 95.736607 0.000000
1203.571429 90.022321 0.000000
1457.857143 98.850446 0.000000
1364.285714 98.850446 0.000000
1402.857143 98.850446 0.000000
1666.428571 602.723214 0.000000
