7
7
7
7
7
7
7
7
7
7
7
7
7
7
7
7
7
7
7
7
7
7
7
6
6
6
6
6
6
6
6
6
6
6
6
6
6
6
6
6
6
6
6
6
6
6
6
6
6
6
6
6
6
6
6
6
6
6
6
6
6
6
6
6
6
6
6
6
6
6
6
6
6
6
7
6
7
7
7
7
7
7
7
7
7
7
7
7
7
7
7
7
7
7
7
7
7
7
7
7
7
7
7
7
7
7
7
7
7
7
0
7
8
7
7
9
10
11
14
15
16
15
17
18
19
19
20
21
22
23
23
24
25
1
1
1
1
1
1
1
1
1
1
1
1
1
1
1
1
1
1
1
1
1
1
1
1
1
1
1
1
1
1
1
1
1
1
1
1
1
1
1
1
1
1
1
1
1
1
1
1
1
1
1
1
1
1
1
5
5
5
26
1
1
1
1
1
1
1
1
1
1
1
1
1
1
1
1
1
1
1
1
1
1
1
1
1
1
1
1
1
1
1
1
1
1
1
1
1
1
1
1
1
1
1
1
1
1
1
1
1
1
1
5
1
1
1
1
1
1
1
1
1
1
1
1
1
1
1
1
1
1
1
1
1
1
1
1
1
1
1
1
1
1
1
1
1
1
1
1
1
1
1
1
1
1
1
1
1
1
1
1
1
1
1
1
1
1
1
1
1
1
1
1
1
1
1
1
1
1
1
1
1
1
1
1
1
1
1
1
1
1
1
1
1
1
1
1
1
1
1
1
1
1
1
1
1
1
1
1
1
1
1
1
1
1
1
1
1
1
1
1
1
1
1
1
1
1
1
1
1
1
1
1
1
1
1
1
1
1
1
1
1
1
1
1
1
1
1
1
1
1
1
1
1
1
1
1
1
1
1
1
1
1
1
1
1
1
1
1
1
1
1
1
1
1
1
1
1
1
1
1
1
1
1
1
1
1
1
1
1
1
1
1
1
1
1
1
1
1
1
1
1
1
1
1
1
1
1
1
1
1
1
1
1
1
1
1
1
1
1
1
1
1
1
1
1
1
1
1
4
4
1
4
4
4
1
1
1
1
1
1
1
1
1
1
1
1
1
1
1
1
1
1
1
1
1
1
1
1
1
1
1
1
1
1
1
1
4
1
1
4
4
1
4
4
1
1
4
1
1
1
1
1
1
1
1
1
1
1
1
1
1
1
1
1
1
1
1
1
1
1
1
1
1
1
1
1
4
1
4
4
1
1
1
1
1
1
1
1
1
1
1
1
1
1
1
1
1
1
1
1
1
1
1
1
1
1
1
1
1
1
1
1
1
1
1
1
1
1
1
1
1
1
1
1
1
13
1
1
1
1
1
1
1
1
1
1
1
13
13
13
13
1
1
13
1
1
1
1
1
1
1
1
1
1
1
1
1
1
1
1
1
27
27
27
27
1
1
1
1
13
1
1
13
1
1
13
13
13
13
1
13
1
3
3
3
3
3
3
1
1
1
1
1
1
1
1
1
1
1
1
1
1
1
1
1
13
1
3
1
13
1
1
1
13
13
13
13
3
3
3
1
1
1
1
1
1
1
3
1
1
1
1
1
1
1
1
1
1
1
1
1
1
1
1
1
1
1
1
1
1
1
1
1
1
13
13
13
13
1
1
3
1
13
13
3
3
1
13
1
1
1
1
1
1
1
1
1
1
1
1
1
1
1
1
1
1
1
1
1
1
1
1
1
1
1
1
13
13
1
1
13
13
13
13
1
1
1
1
1
1
1
1
1
1
1
1
1
3
3
1
3
1
1
1
3
3
1
1
1
1
1
1
1
1
1
1
13
1
1
1
13
13
13
13
13
1
1
13
1
1
1
1
1
1
1
1
1
1
1
1
1
1
1
3
3
3
3
1
1
1
1
1
13
1
1
1
13
1
1
1
1
1
13
13
13
1
1
1
13
1
1
1
1
1
1
1
1
1
1
1
1
1
1
1
1
1
1
1
1
1
1
1
1
3
3
1
1
1
13
13
3
1
1
1
13
1
1
1
1
1
12
1
1
12
1
1
1
1
1
1
1
1
1
1
1
1
13
1
1
1
1
28
28
1
1
1
1
1
1
1
1
1
13
1
1
1
1
1
1
13
1
13
13
1
1
1
1
1
1
1
1
1
1
1
1
1
1
13
1
1
1
1
13
1
13
13
1
1
13
1
1
1
13
1
1
1
1
1
1
1
1
1
1
1
1
1
1
1
1
1
1
1
1
1
1
1
1
1
13
13
13
29
29
29
29
1
1
1
13
13
29
29
1
1
13
1
1
12
1
30
1
2
1
2
2
2
2
2
2
2
2
2
2
13
2
2
2
13
2
2
13
2
13
2
13
13
13
13
13
13
13
13
2
2
13
13
13
2
13
13
13
13
13
2
2
2
2
2
2
2
2
13
2
13
2
2
2
2
13
2
13
13
2
2
13
2
2
2
13
13
2
2
2
13
13
2
13
13
13
13
13
2
2
2
2
2
2
2
2
2
2
2
2
2
2
2
2
2
2
2
2
2
2
30
30
30
30
30
30
30
30
5
31
32
33
34
35
36
37
37
11
36
35
10
8
9
20
17
22
18
25
21
24
12
