55 57
99 100
70 82
366 382
40 41
458 465
100 101
391 393
383 389
41 42
192 202
472 485
413 417
14 15
343 627
14 24
74 75
468 469
302 320
524 531
166 167
15 16
568 574
226 227
18 21
318 319
39 629
147 153
350 369
339 341
299 305
372 375
262 265
224 229
292 293
523 525
243 251
284 289
233 234
103 106
553 562
236 239
325 326
449 450
266 267
109 131
549 555
139 153
272 274
150 168
542 543
391 392
81 86
452 478
324 329
535 540
146 161
556 572
413 425
22 27
376 385
416 421
468 477
214 215
106 124
354 375
608 609
287 294
327 330
306 307
117 130
446 467
306 316
609 610
601 606
155 163
339 340
312 323
619 623
331 336
113 123
372 383
431 432
205 215
261 277
452 473
73 77
615 616
87 88
302 314
354 361
338 344
28 29
605 617
597 613
168 170
578 581
180 181
427 430
419 426
622 624
29 30
61 62
80 84
560 569
440 476
579 582
150 158
169 171
142 154
39 43
441 450
590 591
420 427
56 630
183 191
72 76
194 200
397 398
35 36
596 598
526 530
84 96
143 145
195 201
357 361
279 280
117 129
530 536
209 212
400 408
69 70
71 98
161 162
401 409
10 11
404 405
213 218
533 537
382 386
544 546
504 510
345 346
593 597
474 487
105 123
497 498
135 136
545 547
127 132
264 268
415 428
438 439
308 311
459 471
297 320
149 156
6 9
489 490
79 88
238 261
220 225
309 321
600 604
142 162
563 573
282 285
112 121
493 496
253 258
115 126
223 226
434 437
537 538
46 50
256 259
515 519
327 328
68 77
157 164
120 124
257 260
268 269
529 539
301 303
390 631
349 352
322 335
333 335
20 24
592 595
190 197
271 280
334 336
204 208
326 332
183 185
16 17
447 469
574 582
256 263
587 628
507 519
356 368
400 402
348 364
149 164
570 575
281 283
219 228
381 388
600 603
584 586
433 435
152 165
573 576
411 416
455 459
93 97
304 308
85 102
137 140
359 360
367 373
5 11
359 369
78 81
86 94
49 54
30 31
440 442
238 246
90 91
500 502
71 87
532 534
333 334
20 23
592 594
12 19
31 32
274 275
522 526
525 531
554 567
363 380
53 56
64 65
503 512
506 508
555 559
266 276
18 25
610 611
528 532
347 368
118 130
551 552
119 122
513 516
351 365
111 127
443 448
60 63
543 544
141 146
591 593
462 479
473 479
395 398
454 484
355 362
233 247
325 330
185 188
307 312
517 518
237 253
337 340
557 572
580 583
550 551
63 64
251 273
262 273
151 158
602 607
310 331
491 492
284 288
60 67
414 425
514 521
565 566
252 255
37 38
436 439
347 349
167 171
358 367
520 527
617 618
557 576
207 216
498 499
620 623
291 295
184 187
351 364
232 236
451 460
443 456
52 58
502 505
475 488
243 254
376 384
155 156
265 278
37 42
74 91
365 374
624 625
247 248
96 97
47 55
446 466
229 230
59 66
509 513
358 362
147 160
418 422
121 135
598 599
221 222
420 431
240 244
472 478
184 191
232 240
224 227
110 116
3 8
424 428
453 464
484 488
453 482
524 533
195 205
177 178
457 461
76 95
250 257
128 133
269 270
465 483
517 521
118 119
188 202
0 2
48 51
40 47
169 170
442 454
80 92
151 152
33 35
313 318
305 314
110 129
154 163
51 52
424 432
445 464
608 616
406 410
408 429
61 65
527 538
360 370
579 585
590 594
563 577
501 504
62 66
32 34
604 605
494 495
564 569
3 7
283 290
143 148
338 342
486 487
457 460
287 296
546 547
258 260
128 132
69 73
611 612
401 412
221 225
352 379
94 102
313 317
612 613
405 409
353 380
217 218
103 107
176 177
578 583
309 315
371 626
393 394
112 133
175 180
564 568
275 276
445 458
286 294
553 558
235 239
198 199
235 248
444 480
6 7
249 250
419 423
90 95
341 342
511 515
301 315
182 187
571 575
10 13
172 173
493 494
501 507
83 92
83 101
585 586
374 384
463 480
43 46
466 476
323 329
474 489
534 540
116 134
618 619
17 21
208 217
138 140
467 477
68 75
109 113
120 131
371 378
548 550
581 584
560 561
511 528
433 438
2 4
290 291
441 451
363 370
552 556
13 19
175 179
385 388
566 567
286 293
78 93
316 321
348 353
157 166
448 449
241 245
508 509
82 99
381 386
12 22
242 246
104 105
562 565
541 542
212 214
196 206
426 430
145 160
5 9
577 580
536 539
297 303
138 139
186 197
189 193
300 317
230 231
79 89
189 211
241 249
289 298
492 496
548 549
322 332
203 213
182 190
23 26
481 486
514 520
355 356
252 254
196 201
53 54
45 50
304 319
558 571
178 179
499 512
27 28
270 271
510 518
200 203
461 485
410 412
134 136
4 8
141 144
34 36
606 607
244 245
204 209
455 456
503 505
447 470
396 397
417 429
237 242
277 278
107 114
207 210
599 603
299 311
529 535
399 407
219 220
602 614
211 216
462 463
44 48
255 259
392 395
104 108
403 404
614 615
45 49
403 422
344 345
193 194
587 588
436 437
285 295
377 378
159 165
0 1
588 589
406 423
620 621
366 387
199 210
377 387
350 379
111 115
310 324
399 411
192 198
402 407
621 622
470 471
414 418
125 126
144 148
554 559
516 523
114 125
174 176
85 98
288 296
595 596
