0.781714 0.036571 0.000000
0.798286 0.037714 0.000000
0.768000 0.038286 0.000000
0.738286 0.039429 0.000000
0.756571 0.039429 0.000000
0.695429 0.040000 0.000000
0.718286 0.040000 0.000000
0.728571 0.040000 0.000000
0.748000 0.040000 0.000000
0.709143 0.040571 0.000000
0.676571 0.041143 0.000000
0.687429 0.041143 0.000000
0.643429 0.041714 0.000000
0.669143 0.041714 0.000000
0.372000 0.042286 0.000000
0.386286 0.042286 0.000000
0.397714 0.042286 0.000000
0.406286 0.042286 0.000000
0.427429 0.042286 0.000000
0.657714 0.042286 0.000000
0.356571 0.042857 0.000000
0.414286 0.042857 0.000000
0.627429 0.043429 0.000000
0.345714 0.044000 0.000000
0.364571 0.044000 0.000000
0.440571 0.044571 0.000000
0.327429 0.045143 0.000000
0.617714 0.045143 0.000000
0.605143 0.045714 0.000000
0.588571 0.046286 0.000000
0.570286 0.047429 0.000000
0.554857 0.048571 0.000000
0.537714 0.049714 0.000000
0.466857 0.051429 0.000000
0.519429 0.051429 0.000000
0.484571 0.052571 0.000000
0.503429 0.053143 0.000000
0.864571 0.057143 0.000000
0.881714 0.057714 0.000000
0.708571 0.058286 0.000000
0.824571 0.058286 0.000000
0.834286 0.058286 0.000000
0.845714 0.058286 0.000000
0.699429 0.059429 0.000000
0.338857 0.060000 0.000000
0.673143 0.060000 0.000000
0.690286 0.060000 0.000000
0.811429 0.060571 0.000000
0.354286 0.061143 0.000000
0.662286 0.061143 0.000000
0.683429 0.061143 0.000000
0.368571 0.061714 0.000000
0.385714 0.061714 0.000000
0.635429 0.061714 0.000000
0.650286 0.061714 0.000000
0.798857 0.062286 0.000000
0.618857 0.062857 0.000000
0.786286 0.062857 0.000000
0.404571 0.064571 0.000000
0.973143 0.073714 0.000000
0.893714 0.074286 0.000000
0.949143 0.074286 0.000000
0.957143 0.074286 0.000000
0.905714 0.074857 0.000000
0.922286 0.074857 0.000000
0.937143 0.074857 0.000000
0.965714 0.074857 0.000000
0.881714 0.075429 0.000000
0.320000 0.091429 0.000000
0.369143 0.092571 0.000000
0.388000 0.092571 0.000000
0.774857 0.092571 0.000000
0.158286 0.093143 0.000000
0.349714 0.093143 0.000000
0.279429 0.093714 0.000000
0.308000 0.093714 0.000000
0.183429 0.094286 0.000000
0.332571 0.094286 0.000000
0.629714 0.094286 0.000000
0.834857 0.094286 0.000000
0.524000 0.094857 0.000000
0.647429 0.094857 0.000000
0.402286 0.095429 0.000000
0.480571 0.095429 0.000000
0.548000 0.095429 0.000000
0.731429 0.095429 0.000000
0.664000 0.096000 0.000000
0.786857 0.096000 0.000000
0.811429 0.096000 0.000000
0.856571 0.096000 0.000000
0.227429 0.096571 0.000000
0.249714 0.096571 0.000000
0.497143 0.096571 0.000000
0.605714 0.096571 0.000000
0.684000 0.096571 0.000000
0.204571 0.097714 0.000000
0.570857 0.097714 0.000000
0.584571 0.097714 0.000000
0.752571 0.097714 0.000000
0.426857 0.098286 0.000000
0.453143 0.098857 0.000000
0.473714 0.099429 0.000000
0.706857 0.100571 0.000000
0.384571 0.124571 0.000000
0.180571 0.125714 0.000000
0.221143 0.126286 0.000000
0.370857 0.126857 0.000000
0.402857 0.126857 0.000000
0.156000 0.127429 0.000000
0.290857 0.127429 0.000000
0.733143 0.127429 0.000000
0.493143 0.128000 0.000000
0.612000 0.128000 0.000000
0.266286 0.128571 0.000000
0.421714 0.128571 0.000000
0.473143 0.128571 0.000000
0.722286 0.128571 0.000000
0.763429 0.128571 0.000000
0.808571 0.128571 0.000000
0.834286 0.128571 0.000000
0.333143 0.129143 0.000000
0.637714 0.129143 0.000000
0.858286 0.129143 0.000000
0.238286 0.129714 0.000000
0.350286 0.129714 0.000000
0.440000 0.129714 0.000000
0.456571 0.129714 0.000000
0.516000 0.129714 0.000000
0.573714 0.129714 0.000000
0.749714 0.129714 0.000000
0.784000 0.129714 0.000000
0.315429 0.130286 0.000000
0.538857 0.130286 0.000000
0.592000 0.130857 0.000000
0.706857 0.130857 0.000000
0.657714 0.132000 0.000000
0.681714 0.133143 0.000000
0.147429 0.157143 0.000000
0.189714 0.157143 0.000000
0.211429 0.157143 0.000000
0.165143 0.157714 0.000000
0.374286 0.158286 0.000000
0.460571 0.159429 0.000000
0.306857 0.160000 0.000000
0.349143 0.160000 0.000000
0.290286 0.160571 0.000000
0.398286 0.160571 0.000000
0.250857 0.161143 0.000000
0.324571 0.161143 0.000000
0.566286 0.161143 0.000000
0.753143 0.161143 0.000000
0.787429 0.161143 0.000000
0.811429 0.161143 0.000000
0.230286 0.161714 0.000000
0.479429 0.161714 0.000000
0.522857 0.161714 0.000000
0.544571 0.161714 0.000000
0.601714 0.161714 0.000000
0.770286 0.161714 0.000000
0.866286 0.161714 0.000000
0.270286 0.162286 0.000000
0.416571 0.162286 0.000000
0.428000 0.162286 0.000000
0.502286 0.162286 0.000000
0.582857 0.162286 0.000000
0.837143 0.162286 0.000000
0.622286 0.163429 0.000000
0.643429 0.163429 0.000000
0.742857 0.163429 0.000000
0.693143 0.164571 0.000000
0.717714 0.165143 0.000000
0.662857 0.166857 0.000000
0.578286 0.179429 0.000000
0.586286 0.179429 0.000000
0.887429 0.184571 0.000000
0.953143 0.184571 0.000000
0.904571 0.185143 0.000000
0.921143 0.185143 0.000000
0.932571 0.185143 0.000000
0.941143 0.185143 0.000000
0.968000 0.185714 0.000000
0.984571 0.187429 0.000000
0.213714 0.190286 0.000000
0.297714 0.190286 0.000000
0.250857 0.190857 0.000000
0.321143 0.190857 0.000000
0.150286 0.191429 0.000000
0.229143 0.191429 0.000000
0.346857 0.191429 0.000000
0.505143 0.191429 0.000000
0.201143 0.192000 0.000000
0.268000 0.192000 0.000000
0.388571 0.192000 0.000000
0.524000 0.192000 0.000000
0.542857 0.192000 0.000000
0.807429 0.192000 0.000000
0.840000 0.192000 0.000000
0.178286 0.192571 0.000000
0.408000 0.192571 0.000000
0.433143 0.192571 0.000000
0.561714 0.192571 0.000000
0.825714 0.192571 0.000000
0.367429 0.193143 0.000000
0.576571 0.193143 0.000000
0.697714 0.193143 0.000000
0.786286 0.193143 0.000000
0.857714 0.193143 0.000000
0.459429 0.193714 0.000000
0.676000 0.193714 0.000000
0.717143 0.193714 0.000000
0.448000 0.194286 0.000000
0.494286 0.194286 0.000000
0.736000 0.194286 0.000000
0.585714 0.194857 0.000000
0.754857 0.194857 0.000000
0.772000 0.194857 0.000000
0.476571 0.195429 0.000000
0.646286 0.195429 0.000000
0.617714 0.196571 0.000000
0.080571 0.205714 0.000000
0.096571 0.205714 0.000000
0.114857 0.205714 0.000000
0.122857 0.205714 0.000000
0.886857 0.205714 0.000000
0.930286 0.205714 0.000000
0.106857 0.206286 0.000000
0.900571 0.206286 0.000000
0.914286 0.206286 0.000000
0.062857 0.206857 0.000000
0.945143 0.206857 0.000000
0.957143 0.208571 0.000000
0.971429 0.209714 0.000000
0.322857 0.217714 0.000000
0.174286 0.218286 0.000000
0.148571 0.218857 0.000000
0.240571 0.218857 0.000000
0.297714 0.218857 0.000000
0.560571 0.218857 0.000000
0.597143 0.218857 0.000000
0.262286 0.219429 0.000000
0.352571 0.219429 0.000000
0.422286 0.219429 0.000000
0.573143 0.219429 0.000000
0.750286 0.219429 0.000000
0.374286 0.220000 0.000000
0.396571 0.220000 0.000000
0.586857 0.220000 0.000000
0.198857 0.220571 0.000000
0.223429 0.220571 0.000000
0.440571 0.220571 0.000000
0.461143 0.220571 0.000000
0.724000 0.220571 0.000000
0.790286 0.220571 0.000000
0.541143 0.221143 0.000000
0.766857 0.221143 0.000000
0.810857 0.221143 0.000000
0.845143 0.221143 0.000000
0.480571 0.221714 0.000000
0.517143 0.221714 0.000000
0.828571 0.221714 0.000000
0.500571 0.222286 0.000000
0.608571 0.222286 0.000000
0.689714 0.222286 0.000000
0.865714 0.222286 0.000000
0.885714 0.222286 0.000000
0.672000 0.223429 0.000000
0.109714 0.224000 0.000000
0.118286 0.224000 0.000000
0.902857 0.224571 0.000000
0.917143 0.224571 0.000000
0.932000 0.224571 0.000000
0.950286 0.224571 0.000000
0.052571 0.225143 0.000000
0.704571 0.225143 0.000000
0.064571 0.225714 0.000000
0.079429 0.225714 0.000000
0.093143 0.225714 0.000000
0.626286 0.225714 0.000000
0.646857 0.226286 0.000000
0.980000 0.226286 0.000000
0.967429 0.226857 0.000000
0.887429 0.239429 0.000000
0.969714 0.241714 0.000000
0.900571 0.242286 0.000000
0.109714 0.243429 0.000000
0.953714 0.243429 0.000000
0.054286 0.244000 0.000000
0.072000 0.244000 0.000000
0.094286 0.244000 0.000000
0.118857 0.244000 0.000000
0.911429 0.244000 0.000000
0.925143 0.244000 0.000000
0.023429 0.244571 0.000000
0.038286 0.244571 0.000000
0.062857 0.244571 0.000000
0.941714 0.244571 0.000000
0.080571 0.245143 0.000000
0.410857 0.245714 0.000000
0.125714 0.246286 0.000000
0.318857 0.246286 0.000000
0.145143 0.246857 0.000000
0.448000 0.246857 0.000000
0.372571 0.247429 0.000000
0.429143 0.247429 0.000000
0.258286 0.248000 0.000000
0.340571 0.248000 0.000000
0.552000 0.248000 0.000000
0.571429 0.248000 0.000000
0.274857 0.248571 0.000000
0.489714 0.248571 0.000000
0.673143 0.248571 0.000000
0.294857 0.249143 0.000000
0.594857 0.249143 0.000000
0.193714 0.249714 0.000000
0.354857 0.249714 0.000000
0.468571 0.249714 0.000000
0.526286 0.249714 0.000000
0.166857 0.250286 0.000000
0.219429 0.250286 0.000000
0.239429 0.250286 0.000000
0.393143 0.250286 0.000000
0.510857 0.250286 0.000000
0.768571 0.250286 0.000000
0.610286 0.250857 0.000000
0.645714 0.250857 0.000000
0.808571 0.251429 0.000000
0.793143 0.252000 0.000000
0.840571 0.252000 0.000000
0.854857 0.252000 0.000000
0.626857 0.252571 0.000000
0.816571 0.252571 0.000000
0.692000 0.253143 0.000000
0.781714 0.253143 0.000000
0.741143 0.253714 0.000000
0.722286 0.254286 0.000000
0.752000 0.254286 0.000000
0.704000 0.254857 0.000000
0.884571 0.261714 0.000000
0.955429 0.263429 0.000000
0.919429 0.264000 0.000000
0.901143 0.264571 0.000000
0.930857 0.264571 0.000000
0.946286 0.264571 0.000000
0.852571 0.265714 0.000000
0.969143 0.266286 0.000000
0.977143 0.266857 0.000000
0.985714 0.268000 0.000000
0.291429 0.273714 0.000000
0.527429 0.273714 0.000000
0.316000 0.274286 0.000000
0.374857 0.275429 0.000000
0.578286 0.275429 0.000000
0.334286 0.276000 0.000000
0.506857 0.276000 0.000000
0.079429 0.276571 0.000000
0.234857 0.276571 0.000000
0.252000 0.276571 0.000000
0.113143 0.277143 0.000000
0.189143 0.277143 0.000000
0.409714 0.277143 0.000000
0.432000 0.277143 0.000000
0.093143 0.277714 0.000000
0.209143 0.277714 0.000000
0.460000 0.277714 0.000000
0.554857 0.277714 0.000000
0.596000 0.277714 0.000000
0.773143 0.277714 0.000000
0.172571 0.278286 0.000000
0.272571 0.278286 0.000000
0.388571 0.278286 0.000000
0.452571 0.278286 0.000000
0.837143 0.278286 0.000000
0.054857 0.278857 0.000000
0.146857 0.278857 0.000000
0.614857 0.278857 0.000000
0.067429 0.279429 0.000000
0.656571 0.279429 0.000000
0.805714 0.279429 0.000000
0.818857 0.279429 0.000000
0.351429 0.280000 0.000000
0.480571 0.280000 0.000000
0.718857 0.280000 0.000000
0.750286 0.280000 0.000000
0.040571 0.280571 0.000000
0.634286 0.280571 0.000000
0.680000 0.280571 0.000000
0.734857 0.280571 0.000000
0.790857 0.280571 0.000000
0.700000 0.281714 0.000000
0.027429 0.282286 0.000000
0.096000 0.290857 0.000000
0.953714 0.297143 0.000000
0.938286 0.298286 0.000000
0.961714 0.298286 0.000000
0.972571 0.298857 0.000000
0.923429 0.300000 0.000000
0.885143 0.301143 0.000000
0.900000 0.301143 0.000000
0.910857 0.301714 0.000000
0.213714 0.304000 0.000000
0.286857 0.304000 0.000000
0.561714 0.304000 0.000000
0.266857 0.304571 0.000000
0.470286 0.304571 0.000000
0.487429 0.304571 0.000000
0.516000 0.304571 0.000000
0.627429 0.304571 0.000000
0.242857 0.305143 0.000000
0.305143 0.305143 0.000000
0.536000 0.305143 0.000000
0.601143 0.305143 0.000000
0.197143 0.305714 0.000000
0.580000 0.305714 0.000000
0.364571 0.306286 0.000000
0.411429 0.306286 0.000000
0.850857 0.306286 0.000000
0.155429 0.306857 0.000000
0.346857 0.306857 0.000000
0.432571 0.306857 0.000000
0.670857 0.306857 0.000000
0.742857 0.306857 0.000000
0.140000 0.307429 0.000000
0.453714 0.307429 0.000000
0.653143 0.307429 0.000000
0.808000 0.307429 0.000000
0.387429 0.308000 0.000000
0.692000 0.308000 0.000000
0.724000 0.308000 0.000000
0.829143 0.308000 0.000000
0.328571 0.308571 0.000000
0.708571 0.308571 0.000000
0.760000 0.308571 0.000000
0.784000 0.308571 0.000000
0.892571 0.316571 0.000000
0.968571 0.316571 0.000000
0.878857 0.317143 0.000000
0.938286 0.317143 0.000000
0.954857 0.317143 0.000000
0.909143 0.317714 0.000000
0.924571 0.317714 0.000000
0.261714 0.329143 0.000000
0.602857 0.329714 0.000000
0.249143 0.330857 0.000000
0.541143 0.330857 0.000000
0.848571 0.330857 0.000000
0.072571 0.331429 0.000000
0.306286 0.331429 0.000000
0.409143 0.331429 0.000000
0.561143 0.331429 0.000000
0.573714 0.331429 0.000000
0.592571 0.331429 0.000000
0.618857 0.331429 0.000000
0.740000 0.331429 0.000000
0.036000 0.332000 0.000000
0.226286 0.332000 0.000000
0.494286 0.332000 0.000000
0.525143 0.332000 0.000000
0.658857 0.332000 0.000000
0.090286 0.332571 0.000000
0.465143 0.332571 0.000000
0.636000 0.332571 0.000000
0.677714 0.332571 0.000000
0.784000 0.332571 0.000000
0.808571 0.332571 0.000000
0.055429 0.333143 0.000000
0.102857 0.333143 0.000000
0.292000 0.333143 0.000000
0.327429 0.333143 0.000000
0.364571 0.333143 0.000000
0.387429 0.333143 0.000000
0.429714 0.333143 0.000000
0.450857 0.333143 0.000000
0.705714 0.333143 0.000000
0.754857 0.333143 0.000000
0.950286 0.333143 0.000000
0.142857 0.333714 0.000000
0.276571 0.333714 0.000000
0.350286 0.333714 0.000000
0.728571 0.333714 0.000000
0.772571 0.333714 0.000000
0.828000 0.333714 0.000000
0.882857 0.333714 0.000000
0.029143 0.334286 0.000000
0.119429 0.334286 0.000000
0.192000 0.334286 0.000000
0.692571 0.334286 0.000000
0.906857 0.334286 0.000000
0.919429 0.334286 0.000000
0.162857 0.334857 0.000000
0.964571 0.335429 0.000000
0.973143 0.335429 0.000000
0.030286 0.348571 0.000000
0.045714 0.349714 0.000000
0.074286 0.349714 0.000000
0.089714 0.349714 0.000000
0.102286 0.349714 0.000000
0.061143 0.350857 0.000000
0.879429 0.350857 0.000000
0.896571 0.352000 0.000000
0.913143 0.352000 0.000000
0.976000 0.352000 0.000000
0.579429 0.353143 0.000000
0.964000 0.353143 0.000000
0.941143 0.353714 0.000000
0.552571 0.354857 0.000000
0.952571 0.354857 0.000000
0.150286 0.356000 0.000000
0.591429 0.356000 0.000000
0.179429 0.356571 0.000000
0.194286 0.356571 0.000000
0.522286 0.356571 0.000000
0.650857 0.356571 0.000000
0.928571 0.356571 0.000000
0.218286 0.357143 0.000000
0.434286 0.357143 0.000000
0.623429 0.357143 0.000000
0.248571 0.357714 0.000000
0.480571 0.357714 0.000000
0.497714 0.357714 0.000000
0.615429 0.357714 0.000000
0.413714 0.358286 0.000000
0.459429 0.358286 0.000000
0.850857 0.358286 0.000000
0.265143 0.358857 0.000000
0.312000 0.358857 0.000000
0.280000 0.359429 0.000000
0.834857 0.359429 0.000000
0.388000 0.360571 0.000000
0.667429 0.360571 0.000000
0.767429 0.360571 0.000000
0.816571 0.360571 0.000000
0.297714 0.361143 0.000000
0.687429 0.361143 0.000000
0.332000 0.361714 0.000000
0.709714 0.361714 0.000000
0.748571 0.361714 0.000000
0.804571 0.361714 0.000000
0.352000 0.362286 0.000000
0.369714 0.362286 0.000000
0.786286 0.362286 0.000000
0.728571 0.363429 0.000000
0.880000 0.365714 0.000000
0.893143 0.366286 0.000000
0.911429 0.367429 0.000000
0.928000 0.368571 0.000000
0.974857 0.370857 0.000000
0.944571 0.371429 0.000000
0.961714 0.372571 0.000000
0.550857 0.377143 0.000000
0.538286 0.378286 0.000000
0.573143 0.379429 0.000000
0.593714 0.379429 0.000000
0.608000 0.379429 0.000000
0.425714 0.380000 0.000000
0.499429 0.380000 0.000000
0.529714 0.380000 0.000000
0.621143 0.380000 0.000000
0.645714 0.380000 0.000000
0.409714 0.380571 0.000000
0.513714 0.380571 0.000000
0.885143 0.380571 0.000000
0.894857 0.380571 0.000000
0.440000 0.381143 0.000000
0.702286 0.381143 0.000000
0.862286 0.381143 0.000000
0.454857 0.381714 0.000000
0.468571 0.381714 0.000000
0.481143 0.381714 0.000000
0.850857 0.381714 0.000000
0.873143 0.381714 0.000000
0.369714 0.382286 0.000000
0.392571 0.382286 0.000000
0.630286 0.382286 0.000000
0.678286 0.382286 0.000000
0.836571 0.382286 0.000000
0.381143 0.382857 0.000000
0.661143 0.382857 0.000000
0.712571 0.382857 0.000000
0.746857 0.383429 0.000000
0.805143 0.383429 0.000000
0.723429 0.384000 0.000000
0.758857 0.384000 0.000000
0.820571 0.384000 0.000000
0.736000 0.384571 0.000000
0.768000 0.384571 0.000000
0.792571 0.385143 0.000000
0.778286 0.385714 0.000000
0.963429 0.386857 0.000000
0.976571 0.388571 0.000000
0.984571 0.391429 0.000000
0.545143 0.396000 0.000000
0.538286 0.396571 0.000000
0.558286 0.396571 0.000000
0.528571 0.397143 0.000000
0.552000 0.397143 0.000000
0.572000 0.397143 0.000000
0.581143 0.397143 0.000000
0.518857 0.397714 0.000000
0.589714 0.397714 0.000000
0.598857 0.397714 0.000000
0.624571 0.398286 0.000000
0.370286 0.398857 0.000000
0.404000 0.398857 0.000000
0.616571 0.398857 0.000000
0.630857 0.398857 0.000000
0.641143 0.398857 0.000000
0.379429 0.399429 0.000000
0.388571 0.399429 0.000000
0.441143 0.399429 0.000000
0.456000 0.399429 0.000000
0.470286 0.399429 0.000000
0.477714 0.399429 0.000000
0.489714 0.399429 0.000000
0.501714 0.399429 0.000000
0.412000 0.400000 0.000000
0.425714 0.400571 0.000000
0.434286 0.400571 0.000000
0.661143 0.400571 0.000000
0.677714 0.401143 0.000000
0.690857 0.401143 0.000000
0.720000 0.401714 0.000000
0.734286 0.401714 0.000000
0.749714 0.401714 0.000000
0.705143 0.402286 0.000000
0.760000 0.402286 0.000000
0.777714 0.402857 0.000000
0.854694 0.278992 0.000000
0.844082 0.264707 0.000000
0.953878 0.383980 0.000000
0.719592 0.058450 0.000000
0.611020 0.062532 0.000000
0.109184 0.291441 0.000000
0.882449 0.093061 0.000000
