1367.999500 63.999250 0.000000
1397.000500 65.999500 0.000000
1344.000000 67.000500 0.000000
1292.000500 69.000750 0.000000
1323.999250 69.000750 0.000000
1217.000750 70.000000 0.000000
1257.000500 70.000000 0.000000
1274.999250 70.000000 0.000000
1309.000000 70.000000 0.000000
1241.000250 70.999250 0.000000
1183.999250 72.000250 0.000000
1203.000750 72.000250 0.000000
1126.000750 72.999500 0.000000
1171.000250 72.999500 0.000000
651.000000 74.000500 0.000000
676.000500 74.000500 0.000000
695.999500 74.000500 0.000000
711.000500 74.000500 0.000000
748.000750 74.000500 0.000000
1150.999500 74.000500 0.000000
623.999250 74.999750 0.000000
725.000500 74.999750 0.000000
1098.000750 76.000750 0.000000
604.999500 77.000000 0.000000
637.999250 77.000000 0.000000
770.999250 77.999250 0.000000
573.000750 79.000250 0.000000
1080.999500 79.000250 0.000000
1059.000250 79.999500 0.000000
1029.999250 81.000500 0.000000
998.000500 83.000750 0.000000
970.999750 84.999250 0.000000
940.999500 86.999500 0.000000
816.999750 90.000750 0.000000
909.000750 90.000750 0.000000
847.999250 91.999250 0.000000
881.000750 93.000250 0.000000
1512.999250 100.000250 0.000000
1542.999500 100.999500 0.000000
1239.999250 102.000500 0.000000
1442.999250 102.000500 0.000000
1460.000500 102.000500 0.000000
1479.999500 102.000500 0.000000
1224.000750 104.000750 0.000000
592.999750 105.000000 0.000000
1178.000250 105.000000 0.000000
1208.000500 105.000000 0.000000
1420.000750 105.999250 0.000000
620.000500 107.000250 0.000000
1159.000500 107.000250 0.000000
1196.000750 107.000250 0.000000
644.999250 107.999500 0.000000
674.999500 107.999500 0.000000
1112.000750 107.999500 0.000000
1138.000500 107.999500 0.000000
1397.999750 109.000500 0.000000
1082.999750 109.999750 0.000000
1376.000500 109.999750 0.000000
707.999250 112.999250 0.000000
1703.000250 128.999500 0.000000
1563.999500 130.000500 0.000000
1661.000250 130.000500 0.000000
1675.000250 130.000500 0.000000
1584.999500 130.999750 0.000000
1614.000500 130.999750 0.000000
1640.000250 130.999750 0.000000
1689.999500 130.999750 0.000000
1542.999500 132.000750 0.000000
560.000000 160.000750 0.000000
646.000250 161.999250 0.000000
679.000000 161.999250 0.000000
1355.999750 161.999250 0.000000
277.000500 163.000250 0.000000
611.999500 163.000250 0.000000
489.000750 163.999500 0.000000
539.000000 163.999500 0.000000
321.000750 165.000500 0.000000
581.999250 165.000500 0.000000
1101.999500 165.000500 0.000000
1460.999750 165.000500 0.000000
917.000000 165.999750 0.000000
1133.000750 165.999750 0.000000
704.000500 167.000750 0.000000
840.999250 167.000750 0.000000
959.000000 167.000750 0.000000
1280.000750 167.000750 0.000000
1162.000000 168.000000 0.000000
1376.999750 168.000000 0.000000
1420.000750 168.000000 0.000000
1498.999250 168.000000 0.000000
398.000750 168.999250 0.000000
436.999500 168.999250 0.000000
870.000250 168.999250 0.000000
1059.999500 168.999250 0.000000
1197.000000 168.999250 0.000000
357.999250 170.999500 0.000000
998.999750 170.999500 0.000000
1022.999250 170.999500 0.000000
1316.999250 170.999500 0.000000
746.999750 172.000500 0.000000
793.000250 172.999750 0.000000
828.999500 174.000750 0.000000
1236.999750 175.999250 0.000000
672.999250 217.999250 0.000000
315.999250 219.999500 0.000000
387.000250 221.000500 0.000000
648.999750 221.999750 0.000000
704.999750 221.999750 0.000000
273.000000 223.000750 0.000000
508.999750 223.000750 0.000000
1283.000250 223.000750 0.000000
863.000250 224.000000 0.000000
1071.000000 224.000000 0.000000
466.000500 224.999250 0.000000
737.999500 224.999250 0.000000
828.000250 224.999250 0.000000
1264.000500 224.999250 0.000000
1336.000750 224.999250 0.000000
1414.999250 224.999250 0.000000
1460.000500 224.999250 0.000000
583.000250 226.000250 0.000000
1115.999500 226.000250 0.000000
1502.000500 226.000250 0.000000
417.000500 226.999500 0.000000
613.000500 226.999500 0.000000
770.000000 226.999500 0.000000
798.999250 226.999500 0.000000
903.000000 226.999500 0.000000
1003.999500 226.999500 0.000000
1311.999500 226.999500 0.000000
1372.000000 226.999500 0.000000
552.000750 228.000500 0.000000
942.999750 228.000500 0.000000
1036.000000 228.999750 0.000000
1236.999750 228.999750 0.000000
1150.999500 231.000000 0.000000
1192.999500 233.000250 0.000000
258.000750 275.000250 0.000000
331.999500 275.000250 0.000000
370.000750 275.000250 0.000000
289.000250 275.999500 0.000000
655.000500 277.000500 0.000000
805.999250 279.000750 0.000000
536.999750 280.000000 0.000000
611.000250 280.000000 0.000000
508.000500 280.999250 0.000000
697.000500 280.999250 0.000000
438.999750 282.000250 0.000000
567.999250 282.000250 0.000000
991.000500 282.000250 0.000000
1318.000250 282.000250 0.000000
1378.000750 282.000250 0.000000
1420.000750 282.000250 0.000000
403.000500 282.999500 0.000000
839.000750 282.999500 0.000000
914.999750 282.999500 0.000000
952.999250 282.999500 0.000000
1052.999500 282.999500 0.000000
1348.000500 282.999500 0.000000
1516.000500 282.999500 0.000000
473.000500 284.000500 0.000000
728.999250 284.000500 0.000000
749.000000 284.000500 0.000000
879.000500 284.000500 0.000000
1019.999750 284.000500 0.000000
1465.000250 284.000500 0.000000
1089.000500 286.000750 0.000000
1126.000750 286.000750 0.000000
1299.999750 286.000750 0.000000
1213.000250 287.999250 0.000000
1255.999500 289.000250 0.000000
1159.999750 291.999750 0.000000
1012.000500 314.000750 0.000000
1026.000500 314.000750 0.000000
1553.000750 322.999250 0.000000
1668.000250 322.999250 0.000000
1582.999250 324.000250 0.000000
1612.000250 324.000250 0.000000
1631.999250 324.000250 0.000000
1647.000250 324.000250 0.000000
1694.000000 324.999500 0.000000
1722.999250 328.000750 0.000000
373.999500 333.000500 0.000000
520.999500 333.000500 0.000000
438.999750 333.999750 0.000000
562.000250 333.999750 0.000000
263.000500 335.000750 0.000000
401.000250 335.000750 0.000000
606.999750 335.000750 0.000000
884.000250 335.000750 0.000000
352.000250 336.000000 0.000000
469.000000 336.000000 0.000000
679.999250 336.000000 0.000000
917.000000 336.000000 0.000000
949.999750 336.000000 0.000000
1413.000750 336.000000 0.000000
1470.000000 336.000000 0.000000
312.000500 336.999250 0.000000
714.000000 336.999250 0.000000
758.000250 336.999250 0.000000
982.999500 336.999250 0.000000
1444.999500 336.999250 0.000000
643.000750 338.000250 0.000000
1008.999250 338.000250 0.000000
1220.999500 338.000250 0.000000
1376.000500 338.000250 0.000000
1500.999500 338.000250 0.000000
804.000750 338.999500 0.000000
1183.000000 338.999500 0.000000
1255.000250 338.999500 0.000000
784.000000 340.000500 0.000000
865.000500 340.000500 0.000000
1288.000000 340.000500 0.000000
1024.999500 340.999750 0.000000
1320.999750 340.999750 0.000000
1351.000000 340.999750 0.000000
833.999250 342.000750 0.000000
1131.000500 342.000750 0.000000
1080.999500 343.999250 0.000000
140.999250 359.999500 0.000000
168.999250 359.999500 0.000000
200.999750 359.999500 0.000000
214.999750 359.999500 0.000000
1551.999750 359.999500 0.000000
1628.000500 359.999500 0.000000
186.999750 361.000500 0.000000
1575.999250 361.000500 0.000000
1600.000500 361.000500 0.000000
109.999750 361.999750 0.000000
1654.000250 361.999750 0.000000
1675.000250 364.999250 0.000000
1700.000750 366.999500 0.000000
564.999750 380.999500 0.000000
305.000500 382.000500 0.000000
259.999250 382.999750 0.000000
420.999250 382.999750 0.000000
520.999500 382.999750 0.000000
980.999250 382.999750 0.000000
1045.000250 382.999750 0.000000
459.000500 384.000750 0.000000
616.999250 384.000750 0.000000
739.000500 384.000750 0.000000
1003.000250 384.000750 0.000000
1313.000500 384.000750 0.000000
655.000500 385.000000 0.000000
693.999250 385.000000 0.000000
1026.999750 385.000000 0.000000
347.999750 385.999250 0.000000
391.000750 385.999250 0.000000
770.999250 385.999250 0.000000
807.000250 385.999250 0.000000
1267.000000 385.999250 0.000000
1383.000500 385.999250 0.000000
947.000250 387.000250 0.000000
1341.999750 387.000250 0.000000
1418.999750 387.000250 0.000000
1479.000250 387.000250 0.000000
840.999250 387.999500 0.000000
905.000250 387.999500 0.000000
1449.999250 387.999500 0.000000
875.999250 389.000500 0.000000
1064.999250 389.000500 0.000000
1206.999500 389.000500 0.000000
1514.999500 389.000500 0.000000
1549.999500 389.000500 0.000000
1176.000000 391.000750 0.000000
191.999500 392.000000 0.000000
207.000500 392.000000 0.000000
1579.999750 392.999250 0.000000
1605.000250 392.999250 0.000000
1631.000000 392.999250 0.000000
1663.000500 392.999250 0.000000
91.999250 394.000250 0.000000
1232.999250 394.000250 0.000000
112.999250 394.999500 0.000000
139.000750 394.999500 0.000000
163.000250 394.999500 0.000000
1096.000500 394.999500 0.000000
1131.999750 396.000500 0.000000
1715.000000 396.000500 0.000000
1693.000750 396.999750 0.000000
1553.000750 419.000750 0.000000
1696.999500 422.999500 0.000000
1575.999250 424.000500 0.000000
191.999500 426.000750 0.000000
1668.999500 426.000750 0.000000
95.000500 427.000000 0.000000
126.000000 427.000000 0.000000
165.000500 427.000000 0.000000
207.999750 427.000000 0.000000
1595.000750 427.000000 0.000000
1619.000250 427.000000 0.000000
41.000750 427.999250 0.000000
67.000500 427.999250 0.000000
109.999750 427.999250 0.000000
1647.999500 427.999250 0.000000
140.999250 429.000250 0.000000
718.999750 429.999500 0.000000
219.999500 431.000500 0.000000
557.999750 431.000500 0.000000
254.000250 431.999750 0.000000
784.000000 431.999750 0.000000
651.999250 433.000750 0.000000
751.000250 433.000750 0.000000
452.000500 434.000000 0.000000
595.999250 434.000000 0.000000
966.000000 434.000000 0.000000
1000.000750 434.000000 0.000000
480.999750 434.999250 0.000000
856.999500 434.999250 0.000000
1178.000250 434.999250 0.000000
515.999750 436.000250 0.000000
1040.999750 436.000250 0.000000
338.999500 436.999500 0.000000
620.999750 436.999500 0.000000
819.999250 436.999500 0.000000
921.000500 436.999500 0.000000
291.999750 438.000500 0.000000
384.000750 438.000500 0.000000
419.000750 438.000500 0.000000
688.000250 438.000500 0.000000
893.999750 438.000500 0.000000
1344.999250 438.000500 0.000000
1068.000500 438.999750 0.000000
1129.999500 438.999750 0.000000
1414.999250 440.000750 0.000000
1388.000250 441.000000 0.000000
1470.999250 441.000000 0.000000
1495.999750 441.000000 0.000000
1096.999750 441.999250 0.000000
1428.999250 441.999250 0.000000
1211.000000 443.000250 0.000000
1367.999500 443.000250 0.000000
1297.000250 443.999500 0.000000
1264.000500 445.000500 0.000000
1316.000000 445.000500 0.000000
1232.000000 445.999750 0.000000
1547.999250 457.999500 0.000000
1672.000750 461.000750 0.000000
1609.000750 462.000000 0.000000
1577.000250 462.999250 0.000000
1628.999750 462.999250 0.000000
1656.000500 462.999250 0.000000
1491.999250 464.999500 0.000000
1696.000250 466.000500 0.000000
1710.000250 466.999750 0.000000
1724.999500 469.000000 0.000000
510.000750 478.999500 0.000000
923.000750 478.999500 0.000000
553.000000 480.000500 0.000000
655.999750 482.000750 0.000000
1012.000500 482.000750 0.000000
585.000500 483.000000 0.000000
886.999750 483.000000 0.000000
139.000750 483.999250 0.000000
410.999750 483.999250 0.000000
441.000000 483.999250 0.000000
198.000250 485.000250 0.000000
331.000250 485.000250 0.000000
716.999500 485.000250 0.000000
756.000000 485.000250 0.000000
163.000250 485.999500 0.000000
366.000250 485.999500 0.000000
805.000000 485.999500 0.000000
970.999750 485.999500 0.000000
1043.000000 485.999500 0.000000
1353.000250 485.999500 0.000000
301.999250 487.000500 0.000000
476.999250 487.000500 0.000000
679.999250 487.000500 0.000000
791.999250 487.000500 0.000000
1465.000250 487.000500 0.000000
95.999750 487.999750 0.000000
256.999750 487.999750 0.000000
1075.999750 487.999750 0.000000
118.000750 489.000750 0.000000
1148.999250 489.000750 0.000000
1409.999500 489.000750 0.000000
1432.999750 489.000750 0.000000
615.000750 490.000000 0.000000
840.999250 490.000000 0.000000
1257.999750 490.000000 0.000000
1313.000500 490.000000 0.000000
70.999250 490.999250 0.000000
1110.000500 490.999250 0.000000
1190.000000 490.999250 0.000000
1285.999750 490.999250 0.000000
1383.999750 490.999250 0.000000
1225.000000 492.999500 0.000000
48.000750 494.000500 0.000000
168.000000 508.999750 0.000000
1668.999500 520.000250 0.000000
1642.000500 522.000500 0.000000
1682.999500 522.000500 0.000000
1701.999250 522.999750 0.000000
1616.000750 525.000000 0.000000
1549.000250 527.000250 0.000000
1575.000000 527.000250 0.000000
1593.999750 527.999500 0.000000
373.999500 532.000000 0.000000
501.999750 532.000000 0.000000
982.999500 532.000000 0.000000
466.999750 532.999250 0.000000
823.000500 532.999250 0.000000
853.000750 532.999250 0.000000
903.000000 532.999250 0.000000
1098.000750 532.999250 0.000000
424.999750 534.000250 0.000000
534.000250 534.000250 0.000000
938.000000 534.000250 0.000000
1052.000250 534.000250 0.000000
345.000250 534.999500 0.000000
1015.000000 534.999500 0.000000
637.999250 536.000500 0.000000
720.000750 536.000500 0.000000
1488.999750 536.000500 0.000000
272.000750 536.999750 0.000000
606.999750 536.999750 0.000000
756.999250 536.999750 0.000000
1173.999750 536.999750 0.000000
1299.999750 536.999750 0.000000
245.000000 538.000750 0.000000
793.999500 538.000750 0.000000
1143.000250 538.000750 0.000000
1414.000000 538.000750 0.000000
678.000750 539.000000 0.000000
1211.000000 539.000000 0.000000
1267.000000 539.000000 0.000000
1451.000250 539.000000 0.000000
574.999250 539.999250 0.000000
1239.999250 539.999250 0.000000
1330.000000 539.999250 0.000000
1372.000000 539.999250 0.000000
1561.999250 553.999250 0.000000
1694.999250 553.999250 0.000000
1537.999750 555.000250 0.000000
1642.000500 555.000250 0.000000
1670.999750 555.000250 0.000000
1591.000250 555.999500 0.000000
1617.999250 555.999500 0.000000
457.999500 576.000250 0.000000
1054.999750 576.999500 0.000000
436.000250 578.999750 0.000000
947.000250 578.999750 0.000000
1484.999250 578.999750 0.000000
126.999250 580.000750 0.000000
536.000500 580.000750 0.000000
716.000250 580.000750 0.000000
982.000250 580.000750 0.000000
1003.999500 580.000750 0.000000
1036.999250 580.000750 0.000000
1082.999750 580.000750 0.000000
1295.000000 580.000750 0.000000
63.000000 581.000000 0.000000
396.000500 581.000000 0.000000
865.000500 581.000000 0.000000
919.000250 581.000000 0.000000
1152.999750 581.000000 0.000000
158.000500 581.999250 0.000000
814.000250 581.999250 0.000000
1113.000000 581.999250 0.000000
1185.999500 581.999250 0.000000
1372.000000 581.999250 0.000000
1414.999250 581.999250 0.000000
97.000750 583.000250 0.000000
179.999750 583.000250 0.000000
511.000000 583.000250 0.000000
573.000750 583.000250 0.000000
637.999250 583.000250 0.000000
678.000750 583.000250 0.000000
751.999500 583.000250 0.000000
788.999750 583.000250 0.000000
1234.999500 583.000250 0.000000
1320.999750 583.000250 0.000000
1663.000500 583.000250 0.000000
249.999750 583.999500 0.000000
483.999250 583.999500 0.000000
613.000500 583.999500 0.000000
1274.999250 583.999500 0.000000
1351.999250 583.999500 0.000000
1449.000000 583.999500 0.000000
1544.999750 583.999500 0.000000
51.000250 585.000500 0.000000
209.000750 585.000500 0.000000
336.000000 585.000500 0.000000
1211.999250 585.000500 0.000000
1586.999750 585.000500 0.000000
1609.000750 585.000500 0.000000
284.999750 585.999750 0.000000
1687.999250 587.000750 0.000000
1703.000250 587.000750 0.000000
53.000500 609.999250 0.000000
79.999500 611.999500 0.000000
130.000500 611.999500 0.000000
156.999500 611.999500 0.000000
179.000500 611.999500 0.000000
107.000250 613.999750 0.000000
1539.000750 613.999750 0.000000
1568.999250 616.000000 0.000000
1598.000250 616.000000 0.000000
1708.000000 616.000000 0.000000
1014.000750 618.000250 0.000000
1687.000000 618.000250 0.000000
1647.000250 618.999500 0.000000
966.999250 620.999750 0.000000
1666.999250 620.999750 0.000000
263.000500 623.000000 0.000000
1035.000750 623.000000 0.000000
314.000750 623.999250 0.000000
340.000500 623.999250 0.000000
914.000500 623.999250 0.000000
1138.999750 623.999250 0.000000
1624.999250 623.999250 0.000000
382.000500 625.000250 0.000000
760.000500 625.000250 0.000000
1091.000750 625.000250 0.000000
434.999250 625.999500 0.000000
840.999250 625.999500 0.000000
870.999500 625.999500 0.000000
1077.000750 625.999500 0.000000
723.999500 627.000500 0.000000
804.000750 627.000500 0.000000
1488.999750 627.000500 0.000000
464.000250 627.999750 0.000000
546.000000 627.999750 0.000000
490.000000 629.000750 0.000000
1460.999750 629.000750 0.000000
679.000000 630.999250 0.000000
1168.000750 630.999250 0.000000
1343.000750 630.999250 0.000000
1428.999250 630.999250 0.000000
520.999500 632.000250 0.000000
1203.000750 632.000250 0.000000
581.000000 632.999500 0.000000
1241.999500 632.999500 0.000000
1309.999250 632.999500 0.000000
1407.999250 632.999500 0.000000
616.000000 634.000500 0.000000
646.999500 634.000500 0.000000
1376.000500 634.000500 0.000000
1274.999250 636.000750 0.000000
1540.000000 639.999500 0.000000
1563.000250 641.000500 0.000000
1595.000750 643.000750 0.000000
1624.000000 644.999250 0.000000
1705.999750 648.999750 0.000000
1652.999250 650.000750 0.000000
1682.999500 651.999250 0.000000
963.999750 660.000250 0.000000
942.000500 662.000500 0.000000
1003.000250 664.000750 0.000000
1038.999500 664.000750 0.000000
1064.000000 664.000750 0.000000
744.999500 665.000000 0.000000
874.000750 665.000000 0.000000
926.999500 665.000000 0.000000
1087.000250 665.000000 0.000000
1129.999500 665.000000 0.000000
716.999500 665.999250 0.000000
898.999500 665.999250 0.000000
1549.000250 665.999250 0.000000
1565.999750 665.999250 0.000000
770.000000 667.000250 0.000000
1229.000500 667.000250 0.000000
1509.000500 667.000250 0.000000
795.999750 667.999500 0.000000
819.999250 667.999500 0.000000
842.000250 667.999500 0.000000
1488.999750 667.999500 0.000000
1528.000250 667.999500 0.000000
646.999500 669.000500 0.000000
686.999250 669.000500 0.000000
1103.000500 669.000500 0.000000
1187.000500 669.000500 0.000000
1463.999250 669.000500 0.000000
667.000250 669.999750 0.000000
1157.000250 669.999750 0.000000
1246.999250 669.999750 0.000000
1306.999750 671.000750 0.000000
1409.000250 671.000750 0.000000
1266.000750 672.000000 0.000000
1327.999750 672.000000 0.000000
1435.999250 672.000000 0.000000
1288.000000 672.999250 0.000000
1344.000000 672.999250 0.000000
1386.999250 674.000250 0.000000
1362.000500 674.999500 0.000000
1686.000750 676.999750 0.000000
1708.999250 679.999250 0.000000
1722.999250 685.000750 0.000000
954.000250 693.000000 0.000000
942.000500 693.999250 0.000000
977.000500 693.999250 0.000000
924.999250 695.000250 0.000000
966.000000 695.000250 0.000000
1001.000000 695.000250 0.000000
1017.000250 695.000250 0.000000
907.999750 695.999500 0.000000
1031.999500 695.999500 0.000000
1047.999750 695.999500 0.000000
1092.999250 697.000500 0.000000
648.000500 697.999750 0.000000
707.000000 697.999750 0.000000
1078.999250 697.999750 0.000000
1103.999750 697.999750 0.000000
1122.000250 697.999750 0.000000
664.000750 699.000750 0.000000
679.999250 699.000750 0.000000
772.000250 699.000750 0.000000
798.000000 699.000750 0.000000
823.000500 699.000750 0.000000
835.999500 699.000750 0.000000
856.999500 699.000750 0.000000
877.999500 699.000750 0.000000
721.000000 700.000000 0.000000
744.999500 700.999250 0.000000
760.000500 700.999250 0.000000
1157.000250 700.999250 0.000000
1185.999500 702.000250 0.000000
1208.999750 702.000250 0.000000
1260.000000 702.999500 0.000000
1285.000500 702.999500 0.000000
1311.999500 702.999500 0.000000
1234.000250 704.000500 0.000000
1330.000000 704.000500 0.000000
1360.999500 704.999750 0.000000
1495.714286 488.236607 0.000000
1477.142857 463.236607 0.000000
1669.285714 671.964286 0.000000
1259.285714 102.287946 0.000000
1069.285714 109.430804 0.000000
191.071429 510.022321 0.000000
1544.285714 162.857143 0.000000
