6
6
6
6
6
6
6
6
6
6
6
6
6
6
7
7
7
7
7
6
7
7
6
7
7
7
7
6
6
6
6
6
6
6
6
6
6
4
4
6
4
4
4
6
7
6
6
4
7
6
6
7
7
6
6
4
6
4
7
5
5
5
5
5
5
5
5
5
0
0
0
0
0
0
0
0
0
0
0
0
0
0
0
0
0
0
0
0
0
0
0
0
0
0
0
0
0
0
0
0
0
0
0
0
0
0
0
0
0
0
0
0
0
0
0
0
0
0
0
0
0
0
0
0
0
0
0
0
0
0
0
0
0
0
0
0
0
0
0
0
0
0
0
0
0
0
0
0
0
0
0
0
0
0
0
0
0
0
0
0
0
0
0
0
0
0
0
0
0
0
0
0
11
11
3
3
3
3
3
3
3
3
0
0
0
0
0
0
0
0
0
0
0
0
0
0
0
0
0
0
0
0
0
0
0
0
0
0
0
0
0
0
0
0
0
0
0
0
0
8
8
8
8
3
3
8
3
3
8
3
3
3
0
0
0
0
0
0
0
0
0
0
0
0
0
0
0
0
0
0
0
0
0
0
0
0
0
0
0
0
0
0
0
0
3
0
8
8
3
3
3
3
8
0
8
8
8
0
0
3
3
3
3
3
8
3
8
8
8
8
3
3
8
8
8
3
8
0
8
0
0
0
0
0
0
0
0
0
0
0
0
0
0
0
0
0
0
0
0
0
0
0
0
0
0
0
0
0
0
0
0
0
0
0
0
0
0
3
3
3
3
3
3
12
3
3
3
0
0
0
0
0
0
0
9
0
0
9
0
0
0
9
0
0
0
0
0
0
0
0
0
0
9
0
0
9
0
0
0
0
0
0
0
9
0
0
0
0
0
9
9
2
2
2
2
2
2
2
2
0
0
0
0
0
0
0
0
0
0
0
0
0
0
0
0
0
0
0
0
0
0
0
0
0
0
0
0
0
0
0
0
0
0
2
2
2
2
2
2
2
0
0
0
0
0
10
0
0
0
0
0
0
0
10
0
0
0
0
10
0
0
0
0
0
10
10
0
0
0
0
0
0
0
0
2
0
0
0
0
0
0
2
10
10
0
0
2
2
0
2
2
10
10
10
10
10
10
2
2
2
2
0
2
2
0
2
0
0
0
0
0
0
2
0
0
0
0
0
0
0
0
0
0
0
0
0
0
0
0
0
0
0
0
0
0
0
0
0
0
0
0
2
2
2
2
2
2
2
1
1
1
1
1
1
1
1
1
1
1
1
1
1
1
1
1
1
1
1
1
1
1
1
1
1
1
1
1
1
1
1
1
1
1
1
1
1
1
2
2
2
1
1
1
1
1
1
1
1
1
1
1
1
1
1
1
1
1
1
1
1
1
1
1
1
1
1
1
1
1
1
1
1
1
1
1
1
0
12
2
6
6
9
5
