539 543
746 756
96 104
206 226
99 100
250 260
438 469
536 537
366 373
557 569
358 369
439 443
147 167
191 201
77 90
210 214
628 629
259 265
48 54
620 625
590 593
550 566
472 476
542 562
410 415
73 74
483 485
543 554
14 15
484 486
594 608
22 46
155 158
667 678
106 116
694 704
735 742
605 614
166 167
539 547
745 755
107 108
99 104
538 560
601 607
69 81
272 279
21 41
251 256
339 341
140 141
331 337
490 510
399 401
383 384
232 233
671 680
690 693
54 65
475 476
162 165
25 38
612 621
376 381
453 466
627 628
265 266
376 390
273 279
524 526
646 650
325 326
302 324
487 495
36 43
417 418
55 56
206 216
449 450
517 523
228 231
350 355
58 67
113 119
140 145
372 379
590 592
391 392
602 603
634 635
671 684
690 697
305 316
181 182
575 576
405 412
704 708
594 598
635 636
51 72
103 110
545 553
727 728
545 562
605 613
616 622
645 658
198 207
76 83
668 669
306 307
457 467
88 94
128 130
630 633
371 382
538 559
549 559
641 642
239 244
471 478
277 774
560 565
450 455
113 114
129 131
531 767
693 698
582 583
312 332
2 17
711 715
110 117
674 675
682 688
604 607
615 616
405 416
675 676
346 348
736 753
179 180
36 42
714 771
88 89
631 764
708 718
180 181
427 430
98 102
50 62
61 62
280 286
71 759
101 116
121 131
700 701
172 176
94 95
552 555
205 228
629 775
596 598
154 164
202 213
612 624
733 734
146 169
526 530
416 420
124 132
696 703
445 456
415 424
187 188
430 431
478 480
9 29
496 525
160 161
570 572
49 83
220 221
197 219
349 353
489 513
101 102
571 573
611 618
423 427
501 523
231 235
685 689
497 498
135 136
696 707
346 347
497 507
736 752
367 388
287 288
319 320
729 731
149 156
238 243
120 129
6 18
249 252
209 225
320 321
730 732
352 353
271 285
740 754
212 217
552 554
175 177
463 464
445 446
323 331
275 291
574 578
748 749
9 10
5 39
157 164
230 234
157 173
241 243
440 452
268 269
448 465
599 625
322 335
722 723
20 33
721 727
393 404
274 276
290 293
115 121
326 332
426 428
434 441
544 563
304 313
267 273
717 720
193 198
108 109
655 656
396 414
658 661
297 301
747 748
610 621
356 359
89 760
567 570
300 315
238 242
163 166
142 143
381 388
600 603
584 586
540 561
721 722
481 484
692 695
303 325
654 659
223 225
585 587
37 44
215 221
1 32
56 66
595 600
396 400
359 360
558 569
488 492
57 58
208 218
666 678
636 637
300 310
30 31
0 27
30 40
330 338
171 174
322 334
333 334
451 457
182 183
141 142
31 32
402 424
52 64
761 762
556 766
485 486
123 124
643 645
411 420
34 43
215 216
53 65
174 175
304 312
336 344
444 453
647 651
78 85
207 217
189 190
259 264
281 282
111 118
330 333
691 702
422 425
4 10
203 219
591 593
4 19
255 266
705 713
724 726
355 362
374 375
1 13
45 47
735 741
487 490
673 680
85 92
555 563
517 518
488 491
86 93
248 253
59 76
406 412
118 134
170 172
328 758
119 126
63 73
240 245
370 382
192 214
211 227
222 227
643 644
565 566
435 438
776 777
317 321
336 343
237 239
647 650
67 75
679 682
406 407
657 663
750 751
498 499
458 463
11 12
709 710
299 308
709 719
461 468
339 344
631 638
232 236
402 409
653 656
292 296
742 743
494 501
173 177
705 712
753 761
432 437
683 684
103 109
34 37
435 442
646 653
114 127
288 289
247 248
373 387
137 138
365 383
158 170
417 421
676 681
436 443
229 230
7 28
668 677
96 115
557 571
617 622
580 582
649 663
299 303
749 750
380 386
542 546
111 112
240 244
162 163
3 8
125 132
575 579
195 196
620 757
609 757
317 329
365 378
136 137
269 270
298 306
0 2
531 532
210 220
291 294
351 354
313 318
494 500
583 587
209 773
432 436
14 21
302 308
143 144
235 236
446 447
648 652
247 256
697 703
298 301
449 461
250 261
358 361
479 480
328 329
77 91
201 234
272 285
741 754
679 770
423 426
493 509
723 724
35 39
623 627
664 665
505 510
667 670
87 95
744 755
394 395
155 159
17 18
357 364
276 287
546 547
745 756
716 720
68 90
120 128
638 639
398 401
519 520
61 69
442 444
730 731
161 165
372 385
441 466
541 553
674 686
364 371
283 294
664 669
254 258
397 414
394 399
195 199
482 768
648 651
5 38
737 738
335 340
660 662
408 419
592 765
191 192
527 528
649 652
150 151
309 315
492 516
50 82
20 41
91 92
253 261
493 508
183 184
504 508
771 772
361 370
564 568
434 440
556 564
194 202
16 25
64 74
246 249
367 368
127 130
208 213
597 601
515 522
117 122
149 154
6 7
319 327
448 459
379 387
42 46
659 670
341 342
540 551
393 398
60 81
153 169
711 716
512 516
585 586
345 348
146 148
604 608
13 33
397 404
574 576
577 581
618 619
264 270
459 464
57 66
725 763
68 84
408 409
257 258
289 290
460 465
82 86
309 314
349 350
743 744
511 519
150 159
640 642
271 278
732 734
112 123
533 534
452 460
23 45
152 168
573 579
474 475
596 599
16 24
685 686
323 324
534 535
275 284
267 280
375 380
386 389
378 385
407 421
499 504
718 719
588 591
186 193
356 357
49 75
98 107
751 752
262 286
489 514
470 473
632 633
481 482
60 80
12 40
692 702
541 551
439 769
503 506
665 666
606 626
105 106
706 713
495 511
307 311
78 79
695 712
138 139
507 512
59 84
377 384
610 623
70 93
79 80
400 413
699 700
63 72
548 549
262 281
500 509
548 558
52 53
352 354
613 624
222 226
632 637
190 194
255 260
433 437
454 469
263 282
314 318
23 44
363 369
204 205
525 529
252 254
204 223
677 681
506 515
26 27
655 662
178 179
617 626
710 714
389 390
218 224
310 316
200 203
550 572
171 176
211 212
602 619
292 295
263 268
473 477
152 153
411 422
403 418
455 456
694 701
698 699
595 597
15 22
428 429
639 640
277 278
687 689
496 502
366 374
97 100
186 187
147 168
580 581
340 343
48 55
8 28
672 673
521 522
513 518
561 567
410 425
133 135
284 295
462 472
454 468
392 395
363 368
614 615
403 413
606 611
196 200
654 660
122 134
706 707
738 739
26 35
229 233
528 529
739 740
337 342
657 661
588 589
70 87
251 257
11 19
184 185
151 160
532 535
451 458
470 471
462 467
491 503
125 126
502 521
3 29
524 527
746 747
