0.279429 0.022857 0.000000
0.597143 0.023429 0.000000
0.298286 0.025143 0.000000
0.402286 0.025143 0.000000
0.468000 0.025143 0.000000
0.201714 0.025714 0.000000
0.347429 0.025714 0.000000
0.361714 0.025714 0.000000
0.392000 0.025714 0.000000
0.436571 0.025714 0.000000
0.452571 0.025714 0.000000
0.500571 0.025714 0.000000
0.521143 0.025714 0.000000
0.613714 0.025714 0.000000
0.694286 0.025714 0.000000
0.708571 0.025714 0.000000
0.160000 0.026286 0.000000
0.314286 0.026286 0.000000
0.333143 0.026286 0.000000
0.484000 0.026286 0.000000
0.642857 0.026286 0.000000
0.676000 0.026286 0.000000
0.725714 0.026286 0.000000
0.837143 0.026286 0.000000
0.146286 0.026857 0.000000
0.176571 0.026857 0.000000
0.250857 0.026857 0.000000
0.265143 0.026857 0.000000
0.376571 0.026857 0.000000
0.417714 0.026857 0.000000
0.552000 0.026857 0.000000
0.566286 0.026857 0.000000
0.579429 0.026857 0.000000
0.629143 0.026857 0.000000
0.794857 0.026857 0.000000
0.236571 0.027429 0.000000
0.767429 0.027429 0.000000
0.810286 0.027429 0.000000
0.189714 0.028000 0.000000
0.220571 0.028000 0.000000
0.535429 0.028000 0.000000
0.661143 0.028000 0.000000
0.753714 0.028000 0.000000
0.779429 0.028000 0.000000
0.825714 0.028000 0.000000
0.852000 0.028000 0.000000
0.739429 0.029143 0.000000
0.865143 0.031429 0.000000
0.287429 0.044571 0.000000
0.401143 0.045143 0.000000
0.693143 0.045714 0.000000
0.143429 0.046286 0.000000
0.224000 0.046286 0.000000
0.240571 0.046286 0.000000
0.269714 0.046286 0.000000
0.302286 0.046286 0.000000
0.311429 0.046286 0.000000
0.340571 0.046286 0.000000
0.357143 0.046286 0.000000
0.448000 0.046286 0.000000
0.623429 0.046286 0.000000
0.661143 0.046286 0.000000
0.672000 0.046286 0.000000
0.166857 0.046857 0.000000
0.206286 0.046857 0.000000
0.256571 0.046857 0.000000
0.324000 0.046857 0.000000
0.371429 0.046857 0.000000
0.483429 0.046857 0.000000
0.648571 0.046857 0.000000
0.766857 0.046857 0.000000
0.094286 0.047429 0.000000
0.154857 0.047429 0.000000
0.178857 0.047429 0.000000
0.190857 0.047429 0.000000
0.386286 0.047429 0.000000
0.433714 0.047429 0.000000
0.512000 0.047429 0.000000
0.578857 0.047429 0.000000
0.594857 0.047429 0.000000
0.610857 0.047429 0.000000
0.633714 0.047429 0.000000
0.719429 0.047429 0.000000
0.419429 0.048000 0.000000
0.466857 0.048000 0.000000
0.563429 0.048000 0.000000
0.729714 0.048000 0.000000
0.782286 0.048000 0.000000
0.831429 0.048000 0.000000
0.848571 0.048000 0.000000
0.497714 0.048571 0.000000
0.526857 0.048571 0.000000
0.544571 0.048571 0.000000
0.749714 0.048571 0.000000
0.815429 0.049143 0.000000
0.796000 0.049714 0.000000
0.684000 0.064000 0.000000
0.744571 0.064000 0.000000
0.217143 0.064571 0.000000
0.718286 0.065143 0.000000
0.730286 0.065143 0.000000
0.185714 0.065714 0.000000
0.201143 0.065714 0.000000
0.285143 0.065714 0.000000
0.703429 0.065714 0.000000
0.144571 0.066286 0.000000
0.159429 0.066286 0.000000
0.236000 0.066286 0.000000
0.252000 0.066286 0.000000
0.268000 0.066286 0.000000
0.299429 0.066286 0.000000
0.377714 0.066286 0.000000
0.393143 0.066286 0.000000
0.514286 0.066286 0.000000
0.533143 0.066286 0.000000
0.668000 0.066286 0.000000
0.173714 0.066857 0.000000
0.316571 0.066857 0.000000
0.362286 0.066857 0.000000
0.497143 0.066857 0.000000
0.615429 0.066857 0.000000
0.658286 0.066857 0.000000
0.329714 0.067429 0.000000
0.408000 0.067429 0.000000
0.424000 0.067429 0.000000
0.462857 0.067429 0.000000
0.480000 0.067429 0.000000
0.553714 0.067429 0.000000
0.589143 0.067429 0.000000
0.632000 0.067429 0.000000
0.571429 0.068000 0.000000
0.649143 0.068000 0.000000
0.441714 0.068571 0.000000
0.024000 0.069143 0.000000
0.346286 0.069143 0.000000
0.037714 0.069714 0.000000
0.057714 0.069714 0.000000
0.076571 0.070286 0.000000
0.096571 0.070857 0.000000
0.117714 0.071429 0.000000
0.044000 0.086857 0.000000
0.064571 0.087429 0.000000
0.081143 0.088000 0.000000
0.096000 0.088000 0.000000
0.109714 0.088571 0.000000
0.022857 0.089143 0.000000
0.827429 0.096571 0.000000
0.706857 0.097714 0.000000
0.849714 0.097714 0.000000
0.158286 0.098286 0.000000
0.505714 0.098286 0.000000
0.521143 0.098857 0.000000
0.747429 0.098857 0.000000
0.770286 0.098857 0.000000
0.182857 0.099429 0.000000
0.464571 0.099429 0.000000
0.144000 0.100000 0.000000
0.220000 0.100000 0.000000
0.435429 0.100000 0.000000
0.483429 0.100000 0.000000
0.539429 0.100571 0.000000
0.562857 0.101143 0.000000
0.613714 0.101143 0.000000
0.643429 0.101143 0.000000
0.201714 0.101714 0.000000
0.589143 0.101714 0.000000
0.662286 0.101714 0.000000
0.680571 0.101714 0.000000
0.729714 0.101714 0.000000
0.798286 0.102286 0.000000
0.400571 0.102857 0.000000
0.347429 0.103429 0.000000
0.375429 0.104000 0.000000
0.245714 0.104571 0.000000
0.313143 0.104571 0.000000
0.285714 0.105143 0.000000
0.364571 0.105714 0.000000
0.267429 0.106286 0.000000
0.022857 0.106857 0.000000
0.037714 0.108000 0.000000
0.050286 0.108571 0.000000
0.065714 0.108571 0.000000
0.082286 0.109143 0.000000
0.094286 0.109714 0.000000
0.109143 0.109714 0.000000
0.121714 0.109714 0.000000
0.820571 0.122857 0.000000
0.840571 0.124000 0.000000
0.860571 0.124000 0.000000
0.882857 0.124000 0.000000
0.896571 0.124571 0.000000
0.473714 0.125143 0.000000
0.493714 0.125143 0.000000
0.798857 0.125143 0.000000
0.912000 0.125143 0.000000
0.042286 0.125714 0.000000
0.058857 0.125714 0.000000
0.114286 0.125714 0.000000
0.774857 0.125714 0.000000
0.025714 0.126286 0.000000
0.068000 0.126286 0.000000
0.457714 0.126286 0.000000
0.923429 0.126286 0.000000
0.080000 0.126857 0.000000
0.217714 0.126857 0.000000
0.238286 0.126857 0.000000
0.615429 0.126857 0.000000
0.754286 0.126857 0.000000
0.945143 0.126857 0.000000
0.157143 0.127429 0.000000
0.535429 0.127429 0.000000
0.683429 0.127429 0.000000
0.713714 0.127429 0.000000
0.933143 0.127429 0.000000
0.516571 0.128000 0.000000
0.589714 0.128000 0.000000
0.605714 0.128000 0.000000
0.732000 0.128000 0.000000
0.965714 0.128000 0.000000
0.099429 0.128571 0.000000
0.549143 0.128571 0.000000
0.569714 0.128571 0.000000
0.651429 0.128571 0.000000
0.200571 0.129143 0.000000
0.976571 0.129143 0.000000
0.181143 0.129714 0.000000
0.636000 0.129714 0.000000
0.666857 0.129714 0.000000
0.261143 0.130286 0.000000
0.395429 0.130286 0.000000
0.420571 0.130286 0.000000
0.281714 0.130857 0.000000
0.340000 0.130857 0.000000
0.365143 0.130857 0.000000
0.438857 0.131429 0.000000
0.301714 0.132571 0.000000
0.320571 0.132571 0.000000
0.890857 0.139429 0.000000
0.086857 0.141143 0.000000
0.900000 0.141143 0.000000
0.938286 0.141143 0.000000
0.060000 0.141714 0.000000
0.100000 0.141714 0.000000
0.074857 0.142286 0.000000
0.917714 0.142857 0.000000
0.949143 0.142857 0.000000
0.862857 0.151429 0.000000
0.713143 0.152000 0.000000
0.694857 0.152571 0.000000
0.838857 0.152571 0.000000
0.621714 0.153143 0.000000
0.748571 0.153143 0.000000
0.820000 0.153143 0.000000
0.669714 0.153714 0.000000
0.802286 0.153714 0.000000
0.574286 0.154286 0.000000
0.730286 0.154286 0.000000
0.764000 0.154286 0.000000
0.781714 0.154286 0.000000
0.509143 0.154857 0.000000
0.600000 0.154857 0.000000
0.644000 0.154857 0.000000
0.346286 0.155429 0.000000
0.404000 0.155429 0.000000
0.492571 0.155429 0.000000
0.532000 0.155429 0.000000
0.548571 0.155429 0.000000
0.286286 0.156000 0.000000
0.425143 0.156000 0.000000
0.445714 0.156571 0.000000
0.473143 0.156571 0.000000
0.201714 0.157143 0.000000
0.236000 0.157143 0.000000
0.268571 0.157143 0.000000
0.887429 0.157143 0.000000
0.069714 0.157714 0.000000
0.901714 0.157714 0.000000
0.152571 0.158286 0.000000
0.180000 0.158286 0.000000
0.249143 0.158286 0.000000
0.308571 0.158286 0.000000
0.365143 0.158286 0.000000
0.384000 0.158286 0.000000
0.020000 0.158857 0.000000
0.079429 0.158857 0.000000
0.221714 0.158857 0.000000
0.328571 0.158857 0.000000
0.920000 0.158857 0.000000
0.938857 0.158857 0.000000
0.957714 0.158857 0.000000
0.969143 0.158857 0.000000
0.052000 0.159429 0.000000
0.109143 0.159429 0.000000
0.978286 0.159429 0.000000
0.038857 0.160000 0.000000
0.098286 0.160571 0.000000
0.124571 0.161714 0.000000
0.885714 0.176571 0.000000
0.918286 0.177143 0.000000
0.573143 0.178286 0.000000
0.805714 0.178286 0.000000
0.901143 0.178286 0.000000
0.532571 0.178857 0.000000
0.588000 0.178857 0.000000
0.688000 0.178857 0.000000
0.860571 0.178857 0.000000
0.934857 0.178857 0.000000
0.954857 0.178857 0.000000
0.554286 0.179429 0.000000
0.766857 0.179429 0.000000
0.819429 0.179429 0.000000
0.968571 0.179429 0.000000
0.662857 0.180000 0.000000
0.706286 0.180000 0.000000
0.747429 0.180000 0.000000
0.786857 0.180000 0.000000
0.837714 0.180000 0.000000
0.089143 0.180571 0.000000
0.720571 0.180571 0.000000
0.036571 0.181143 0.000000
0.058857 0.181143 0.000000
0.075429 0.181143 0.000000
0.239429 0.181143 0.000000
0.496571 0.181143 0.000000
0.517143 0.181143 0.000000
0.608571 0.181143 0.000000
0.626286 0.181143 0.000000
0.020571 0.181714 0.000000
0.117714 0.181714 0.000000
0.103429 0.182286 0.000000
0.175429 0.182286 0.000000
0.477714 0.182286 0.000000
0.642857 0.182286 0.000000
0.196571 0.183429 0.000000
0.215429 0.183429 0.000000
0.284571 0.183429 0.000000
0.360000 0.183429 0.000000
0.455429 0.183429 0.000000
0.149714 0.184000 0.000000
0.394857 0.184571 0.000000
0.317714 0.185143 0.000000
0.415429 0.185143 0.000000
0.436571 0.185143 0.000000
0.334286 0.185714 0.000000
0.378857 0.185714 0.000000
0.885143 0.194286 0.000000
0.916000 0.194857 0.000000
0.932000 0.194857 0.000000
0.900571 0.196000 0.000000
0.085714 0.201143 0.000000
0.099429 0.202286 0.000000
0.024000 0.202857 0.000000
0.055429 0.202857 0.000000
0.071429 0.202857 0.000000
0.040571 0.203429 0.000000
0.112000 0.203429 0.000000
0.812571 0.203429 0.000000
0.789143 0.204000 0.000000
0.660571 0.204571 0.000000
0.841143 0.204571 0.000000
0.862286 0.204571 0.000000
0.680571 0.205143 0.000000
0.122857 0.205714 0.000000
0.612571 0.206286 0.000000
0.754857 0.206857 0.000000
0.209714 0.207429 0.000000
0.340571 0.207429 0.000000
0.580571 0.207429 0.000000
0.596000 0.207429 0.000000
0.637714 0.207429 0.000000
0.700571 0.207429 0.000000
0.739429 0.207429 0.000000
0.265714 0.208000 0.000000
0.324000 0.208000 0.000000
0.362857 0.208000 0.000000
0.392000 0.208000 0.000000
0.518857 0.208000 0.000000
0.149143 0.208571 0.000000
0.226857 0.208571 0.000000
0.282857 0.208571 0.000000
0.413143 0.208571 0.000000
0.539429 0.208571 0.000000
0.721143 0.208571 0.000000
0.184571 0.209143 0.000000
0.165714 0.209714 0.000000
0.249714 0.209714 0.000000
0.440000 0.209714 0.000000
0.299429 0.210286 0.000000
0.561143 0.210286 0.000000
0.466286 0.212571 0.000000
0.478857 0.213143 0.000000
0.850286 0.229714 0.000000
0.828000 0.230286 0.000000
0.719429 0.230857 0.000000
0.787429 0.230857 0.000000
0.812571 0.230857 0.000000
0.621714 0.231429 0.000000
0.665143 0.231429 0.000000
0.726286 0.231429 0.000000
0.769714 0.231429 0.000000
0.608000 0.232000 0.000000
0.749714 0.232000 0.000000
0.201714 0.232571 0.000000
0.573143 0.232571 0.000000
0.692000 0.232571 0.000000
0.382286 0.233143 0.000000
0.430857 0.233143 0.000000
0.453143 0.233143 0.000000
0.169143 0.233714 0.000000
0.185143 0.233714 0.000000
0.270857 0.233714 0.000000
0.322286 0.233714 0.000000
0.401143 0.233714 0.000000
0.588000 0.233714 0.000000
0.642286 0.233714 0.000000
0.249714 0.234286 0.000000
0.365714 0.234286 0.000000
0.544000 0.234286 0.000000
0.559429 0.234286 0.000000
0.146286 0.234857 0.000000
0.345714 0.234857 0.000000
0.470286 0.234857 0.000000
0.304000 0.235429 0.000000
0.069714 0.236000 0.000000
0.224000 0.236000 0.000000
0.293143 0.236571 0.000000
0.053143 0.237143 0.000000
0.086857 0.238857 0.000000
0.032571 0.239429 0.000000
0.018286 0.240000 0.000000
0.100571 0.241143 0.000000
0.116000 0.245714 0.000000
0.942286 0.252571 0.000000
0.981143 0.252571 0.000000
0.503429 0.253143 0.000000
0.648000 0.253143 0.000000
0.924000 0.253143 0.000000
0.958286 0.253143 0.000000
0.663429 0.253714 0.000000
0.885714 0.253714 0.000000
0.492000 0.254286 0.000000
0.534286 0.254286 0.000000
0.624571 0.254286 0.000000
0.902286 0.254286 0.000000
0.604000 0.255429 0.000000
0.816000 0.255429 0.000000
0.842857 0.255429 0.000000
0.858286 0.255429 0.000000
0.409714 0.256000 0.000000
0.749714 0.257143 0.000000
0.762857 0.257143 0.000000
0.310286 0.257714 0.000000
0.478286 0.257714 0.000000
0.576000 0.257714 0.000000
0.709143 0.257714 0.000000
0.776571 0.257714 0.000000
0.793143 0.257714 0.000000
0.292000 0.258286 0.000000
0.332000 0.258286 0.000000
0.387429 0.258286 0.000000
0.460571 0.258286 0.000000
0.730286 0.258286 0.000000
0.249143 0.258857 0.000000
0.346857 0.258857 0.000000
0.365714 0.258857 0.000000
0.438286 0.258857 0.000000
0.556571 0.258857 0.000000
0.272000 0.259429 0.000000
0.716000 0.259429 0.000000
0.690857 0.260000 0.000000
0.053143 0.261143 0.000000
0.065714 0.261143 0.000000
0.224000 0.261143 0.000000
0.032000 0.261714 0.000000
0.148571 0.261714 0.000000
0.172571 0.262286 0.000000
0.198857 0.262286 0.000000
0.018857 0.262857 0.000000
0.085714 0.262857 0.000000
0.121714 0.263429 0.000000
0.106857 0.264000 0.000000
0.908000 0.272571 0.000000
0.888000 0.273143 0.000000
0.974286 0.273143 0.000000
0.924571 0.273714 0.000000
0.954286 0.273714 0.000000
0.938286 0.274286 0.000000
0.061714 0.280571 0.000000
0.419429 0.280571 0.000000
0.833143 0.280571 0.000000
0.052571 0.281143 0.000000
0.402857 0.281143 0.000000
0.434857 0.281143 0.000000
0.609143 0.281143 0.000000
0.674857 0.281143 0.000000
0.074857 0.281714 0.000000
0.293714 0.281714 0.000000
0.505143 0.281714 0.000000
0.521143 0.281714 0.000000
0.539429 0.281714 0.000000
0.649714 0.281714 0.000000
0.701714 0.281714 0.000000
0.313143 0.282286 0.000000
0.383429 0.282286 0.000000
0.561714 0.282286 0.000000
0.019429 0.282857 0.000000
0.369714 0.282857 0.000000
0.486857 0.282857 0.000000
0.589143 0.282857 0.000000
0.627429 0.282857 0.000000
0.034857 0.283429 0.000000
0.090286 0.283429 0.000000
0.471429 0.283429 0.000000
0.812571 0.283429 0.000000
0.857143 0.283429 0.000000
0.361143 0.284000 0.000000
0.453714 0.284000 0.000000
0.769143 0.284000 0.000000
0.793143 0.284000 0.000000
0.106286 0.284571 0.000000
0.118286 0.284571 0.000000
0.329143 0.284571 0.000000
0.343429 0.284571 0.000000
0.736000 0.284571 0.000000
0.201714 0.285714 0.000000
0.277143 0.285714 0.000000
0.169714 0.286286 0.000000
0.220000 0.286857 0.000000
0.238286 0.287429 0.000000
0.258286 0.287429 0.000000
0.145714 0.288571 0.000000
0.889714 0.291429 0.000000
0.912000 0.291429 0.000000
0.963429 0.292000 0.000000
0.947429 0.292571 0.000000
0.929143 0.293143 0.000000
0.054286 0.296571 0.000000
0.074286 0.298857 0.000000
0.393714 0.304000 0.000000
0.738857 0.304571 0.000000
0.576571 0.305714 0.000000
0.617143 0.305714 0.000000
0.692571 0.305714 0.000000
0.754857 0.305714 0.000000
0.856000 0.305714 0.000000
0.651429 0.306286 0.000000
0.712000 0.306286 0.000000
0.726286 0.306286 0.000000
0.332000 0.306857 0.000000
0.352571 0.306857 0.000000
0.476571 0.306857 0.000000
0.594857 0.306857 0.000000
0.786857 0.306857 0.000000
0.635429 0.307429 0.000000
0.774286 0.307429 0.000000
0.815429 0.307429 0.000000
0.887429 0.307429 0.000000
0.284000 0.308000 0.000000
0.316000 0.308000 0.000000
0.375429 0.308000 0.000000
0.411429 0.308000 0.000000
0.562286 0.308000 0.000000
0.672000 0.308000 0.000000
0.836000 0.308000 0.000000
0.903429 0.308000 0.000000
0.433143 0.308571 0.000000
0.462857 0.308571 0.000000
0.536571 0.308571 0.000000
0.918857 0.308571 0.000000
0.297714 0.309143 0.000000
0.516571 0.309143 0.000000
0.269714 0.310286 0.000000
0.499429 0.310286 0.000000
0.255429 0.311429 0.000000
0.172000 0.312571 0.000000
0.216000 0.312571 0.000000
0.193143 0.313143 0.000000
0.128000 0.313714 0.000000
0.148571 0.314286 0.000000
0.231429 0.314286 0.000000
0.105714 0.315429 0.000000
0.117143 0.315429 0.000000
0.094286 0.316571 0.000000
0.077714 0.317143 0.000000
0.017714 0.318857 0.000000
0.049714 0.318857 0.000000
0.031429 0.319429 0.000000
0.064000 0.320000 0.000000
0.955429 0.321714 0.000000
0.974286 0.322286 0.000000
0.908571 0.322857 0.000000
0.940000 0.322857 0.000000
0.889714 0.323429 0.000000
0.925143 0.323429 0.000000
0.722857 0.326857 0.000000
0.596000 0.328571 0.000000
0.761143 0.328571 0.000000
0.616000 0.329143 0.000000
0.741143 0.329143 0.000000
0.782857 0.329714 0.000000
0.572571 0.330857 0.000000
0.635429 0.330857 0.000000
0.535429 0.331429 0.000000
0.551429 0.331429 0.000000
0.666286 0.331429 0.000000
0.314857 0.332000 0.000000
0.464571 0.332000 0.000000
0.652000 0.332000 0.000000
0.680000 0.332000 0.000000
0.864571 0.332000 0.000000
0.233714 0.332571 0.000000
0.487429 0.332571 0.000000
0.266286 0.333143 0.000000
0.302286 0.333143 0.000000
0.329143 0.333143 0.000000
0.352000 0.333143 0.000000
0.370286 0.333143 0.000000
0.414857 0.333143 0.000000
0.501714 0.333143 0.000000
0.519429 0.333143 0.000000
0.816571 0.333143 0.000000
0.250857 0.333714 0.000000
0.390857 0.333714 0.000000
0.210286 0.334286 0.000000
0.289714 0.334286 0.000000
0.797143 0.334857 0.000000
0.440000 0.335429 0.000000
0.188571 0.337143 0.000000
0.172571 0.337714 0.000000
0.150857 0.338857 0.000000
0.116571 0.340000 0.000000
0.893143 0.340000 0.000000
0.080000 0.340571 0.000000
0.101143 0.340571 0.000000
0.017714 0.341143 0.000000
0.030286 0.341143 0.000000
0.044571 0.341143 0.000000
0.061714 0.341143 0.000000
0.908571 0.341143 0.000000
0.926286 0.341714 0.000000
0.948571 0.341714 0.000000
0.974286 0.342286 0.000000
0.960571 0.342857 0.000000
0.824571 0.348571 0.000000
0.852571 0.351429 0.000000
0.797143 0.352571 0.000000
0.569143 0.353143 0.000000
0.621143 0.353143 0.000000
0.652571 0.353143 0.000000
0.694857 0.353143 0.000000
0.593714 0.353714 0.000000
0.639429 0.353714 0.000000
0.673143 0.353714 0.000000
0.542286 0.354286 0.000000
0.457714 0.354857 0.000000
0.510286 0.354857 0.000000
0.519429 0.354857 0.000000
0.735429 0.354857 0.000000
0.770857 0.354857 0.000000
0.448000 0.356000 0.000000
0.474857 0.356000 0.000000
0.752000 0.356000 0.000000
0.489143 0.356571 0.000000
0.717714 0.357143 0.000000
0.345143 0.357714 0.000000
0.360571 0.357714 0.000000
0.373143 0.357714 0.000000
0.410857 0.357714 0.000000
0.313143 0.358286 0.000000
0.328571 0.358286 0.000000
0.430857 0.358286 0.000000
0.058857 0.358857 0.000000
0.108571 0.358857 0.000000
0.087429 0.359429 0.000000
0.214857 0.360000 0.000000
0.232000 0.360000 0.000000
0.251429 0.360000 0.000000
0.297143 0.360000 0.000000
0.384571 0.360000 0.000000
0.889714 0.360000 0.000000
0.072571 0.360571 0.000000
0.272000 0.361143 0.000000
0.906857 0.362286 0.000000
0.022857 0.362857 0.000000
0.041714 0.362857 0.000000
0.185143 0.363429 0.000000
0.200571 0.363429 0.000000
0.149143 0.364000 0.000000
0.925714 0.364000 0.000000
0.166857 0.365143 0.000000
0.582857 0.372571 0.000000
0.398857 0.373714 0.000000
0.425714 0.373714 0.000000
0.598286 0.373714 0.000000
0.662857 0.373714 0.000000
0.442857 0.374286 0.000000
0.539429 0.374286 0.000000
0.565714 0.374286 0.000000
0.610286 0.374286 0.000000
0.622857 0.374286 0.000000
0.636571 0.374286 0.000000
0.650857 0.374286 0.000000
0.411429 0.374857 0.000000
0.554857 0.374857 0.000000
0.676571 0.374857 0.000000
0.481143 0.375429 0.000000
0.507429 0.375429 0.000000
0.524000 0.375429 0.000000
0.694286 0.375429 0.000000
0.739429 0.375429 0.000000
0.758286 0.375429 0.000000
0.058857 0.376000 0.000000
0.461143 0.376000 0.000000
0.493143 0.376000 0.000000
0.773143 0.376000 0.000000
0.045714 0.376571 0.000000
0.078286 0.376571 0.000000
0.109714 0.376571 0.000000
0.710286 0.376571 0.000000
0.723429 0.376571 0.000000
0.093714 0.377143 0.000000
0.086286 0.395429 0.000000
0.072000 0.396000 0.000000
0.056571 0.396571 0.000000
0.041143 0.397143 0.000000
0.940000 0.397143 0.000000
0.022857 0.397714 0.000000
0.105714 0.397714 0.000000
0.116571 0.397714 0.000000
0.116571 0.414286 0.000000
0.082857 0.414857 0.000000
0.099429 0.414857 0.000000
0.060571 0.415429 0.000000
0.029714 0.416000 0.000000
0.042857 0.416000 0.000000
0.442286 0.416000 0.000000
0.613143 0.416000 0.000000
0.370857 0.416571 0.000000
0.377143 0.416571 0.000000
0.385714 0.416571 0.000000
0.399429 0.416571 0.000000
0.429714 0.416571 0.000000
0.454286 0.416571 0.000000
0.469143 0.416571 0.000000
0.485714 0.416571 0.000000
0.504000 0.416571 0.000000
0.530286 0.416571 0.000000
0.544571 0.416571 0.000000
0.552000 0.416571 0.000000
0.558857 0.416571 0.000000
0.576571 0.416571 0.000000
0.592000 0.416571 0.000000
0.605143 0.416571 0.000000
0.620000 0.416571 0.000000
0.413714 0.417143 0.000000
0.497714 0.417143 0.000000
0.524000 0.417143 0.000000
0.833469 0.330204 0.000000
0.127347 0.181116 0.000000
0.069796 0.044171 0.000000
0.865714 0.048603 0.000000
0.625306 0.417500 0.000000
0.630204 0.417092 0.000000
0.924082 0.395925 0.000000
0.882449 0.341709 0.000000
0.880000 0.321301 0.000000
0.877959 0.309056 0.000000
0.875510 0.291913 0.000000
0.875510 0.271505 0.000000
0.875918 0.252730 0.000000
0.877551 0.361301 0.000000
0.784082 0.372902 0.000000
0.799184 0.374534 0.000000
0.143265 0.128163 0.000000
0.141224 0.159592 0.000000
0.140816 0.340000 0.000000
0.110204 0.217366 0.000000
0.120816 0.217366 0.000000
