489.000750 39.999750 0.000000
1045.000250 41.000750 0.000000
522.000500 44.000250 0.000000
704.000500 44.000250 0.000000
819.000000 44.000250 0.000000
352.999500 44.999500 0.000000
608.000750 44.999500 0.000000
632.999500 44.999500 0.000000
686.000000 44.999500 0.000000
763.999250 44.999500 0.000000
791.999250 44.999500 0.000000
875.999250 44.999500 0.000000
912.000250 44.999500 0.000000
1073.999500 44.999500 0.000000
1215.000500 44.999500 0.000000
1239.999250 44.999500 0.000000
280.000000 46.000500 0.000000
550.000500 46.000500 0.000000
583.000250 46.000500 0.000000
847.000000 46.000500 0.000000
1124.999750 46.000500 0.000000
1183.000000 46.000500 0.000000
1269.999500 46.000500 0.000000
1465.000250 46.000500 0.000000
256.000500 46.999750 0.000000
308.999250 46.999750 0.000000
438.999750 46.999750 0.000000
464.000250 46.999750 0.000000
658.999250 46.999750 0.000000
730.999500 46.999750 0.000000
966.000000 46.999750 0.000000
991.000500 46.999750 0.000000
1014.000750 46.999750 0.000000
1101.000250 46.999750 0.000000
1390.999750 46.999750 0.000000
413.999250 48.000750 0.000000
1343.000750 48.000750 0.000000
1418.000500 48.000750 0.000000
331.999500 49.000000 0.000000
385.999250 49.000000 0.000000
937.000750 49.000000 0.000000
1157.000250 49.000000 0.000000
1318.999500 49.000000 0.000000
1364.000750 49.000000 0.000000
1444.999500 49.000000 0.000000
1491.000000 49.000000 0.000000
1294.000750 51.000250 0.000000
1514.000250 55.000750 0.000000
503.000750 77.999250 0.000000
702.000250 79.000250 0.000000
1213.000250 79.999500 0.000000
251.000750 81.000500 0.000000
392.000000 81.000500 0.000000
420.999250 81.000500 0.000000
471.999500 81.000500 0.000000
529.000500 81.000500 0.000000
545.000750 81.000500 0.000000
595.999250 81.000500 0.000000
625.000250 81.000500 0.000000
784.000000 81.000500 0.000000
1091.000750 81.000500 0.000000
1157.000250 81.000500 0.000000
1176.000000 81.000500 0.000000
291.999750 81.999750 0.000000
361.000500 81.999750 0.000000
448.999250 81.999750 0.000000
567.000000 81.999750 0.000000
650.000750 81.999750 0.000000
846.000750 81.999750 0.000000
1134.999250 81.999750 0.000000
1341.999750 81.999750 0.000000
165.000500 83.000750 0.000000
270.999750 83.000750 0.000000
312.999750 83.000750 0.000000
333.999750 83.000750 0.000000
676.000500 83.000750 0.000000
758.999500 83.000750 0.000000
896.000000 83.000750 0.000000
1012.999750 83.000750 0.000000
1040.999750 83.000750 0.000000
1068.999750 83.000750 0.000000
1108.999500 83.000750 0.000000
1259.000750 83.000750 0.000000
734.000750 84.000000 0.000000
816.999750 84.000000 0.000000
986.000750 84.000000 0.000000
1276.999500 84.000000 0.000000
1369.000500 84.000000 0.000000
1455.000750 84.000000 0.000000
1484.999250 84.000000 0.000000
870.999500 84.999250 0.000000
921.999750 84.999250 0.000000
952.999250 84.999250 0.000000
1311.999500 84.999250 0.000000
1427.000750 86.000250 0.000000
1393.000000 86.999500 0.000000
1197.000000 112.000000 0.000000
1302.999250 112.000000 0.000000
380.000250 112.999250 0.000000
1257.000500 114.000250 0.000000
1278.000500 114.000250 0.000000
324.999500 114.999500 0.000000
352.000250 114.999500 0.000000
499.000250 114.999500 0.000000
1231.000750 114.999500 0.000000
252.999250 116.000500 0.000000
279.000750 116.000500 0.000000
413.000000 116.000500 0.000000
441.000000 116.000500 0.000000
469.000000 116.000500 0.000000
524.000750 116.000500 0.000000
660.999500 116.000500 0.000000
688.000250 116.000500 0.000000
900.000500 116.000500 0.000000
933.000250 116.000500 0.000000
1169.000000 116.000500 0.000000
303.999500 116.999750 0.000000
553.999250 116.999750 0.000000
634.000500 116.999750 0.000000
870.000250 116.999750 0.000000
1077.000750 116.999750 0.000000
1152.000500 116.999750 0.000000
576.999500 118.000750 0.000000
714.000000 118.000750 0.000000
742.000000 118.000750 0.000000
809.999750 118.000750 0.000000
840.000000 118.000750 0.000000
968.999500 118.000750 0.000000
1031.000250 118.000750 0.000000
1106.000000 118.000750 0.000000
1000.000750 119.000000 0.000000
1136.000250 119.000000 0.000000
772.999500 119.999250 0.000000
42.000000 121.000250 0.000000
606.000500 121.000250 0.000000
65.999500 121.999500 0.000000
100.999500 121.999500 0.000000
133.999250 123.000500 0.000000
168.999250 123.999750 0.000000
205.999500 125.000750 0.000000
77.000000 151.999750 0.000000
112.999250 153.000750 0.000000
142.000250 154.000000 0.000000
168.000000 154.000000 0.000000
191.999500 154.999250 0.000000
39.999750 156.000250 0.000000
1448.000750 168.999250 0.000000
1236.999750 170.999500 0.000000
1486.999500 170.999500 0.000000
277.000500 172.000500 0.000000
884.999500 172.000500 0.000000
912.000250 172.999750 0.000000
1308.000750 172.999750 0.000000
1348.000500 172.999750 0.000000
319.999750 174.000750 0.000000
812.999250 174.000750 0.000000
252.000000 175.000000 0.000000
385.000000 175.000000 0.000000
762.000750 175.000000 0.000000
846.000750 175.000000 0.000000
944.000750 175.999250 0.000000
984.999750 177.000250 0.000000
1073.999500 177.000250 0.000000
1126.000750 177.000250 0.000000
352.999500 177.999500 0.000000
1031.000250 177.999500 0.000000
1159.000500 177.999500 0.000000
1190.999250 177.999500 0.000000
1276.999500 177.999500 0.000000
1397.000500 179.000500 0.000000
700.999250 179.999750 0.000000
608.000750 181.000750 0.000000
657.000750 182.000000 0.000000
429.999500 182.999250 0.000000
548.000250 182.999250 0.000000
499.999500 184.000250 0.000000
637.999250 184.999500 0.000000
468.000750 186.000500 0.000000
39.999750 186.999750 0.000000
65.999500 189.000000 0.000000
88.000500 189.999250 0.000000
114.999500 189.999250 0.000000
144.000500 191.000250 0.000000
165.000500 191.999500 0.000000
191.000250 191.999500 0.000000
212.999500 191.999500 0.000000
1435.999250 214.999750 0.000000
1470.999250 217.000000 0.000000
1505.999250 217.000000 0.000000
1544.999750 217.000000 0.000000
1568.999250 217.999250 0.000000
828.999500 219.000250 0.000000
863.999500 219.000250 0.000000
1397.999750 219.000250 0.000000
1596.000000 219.000250 0.000000
74.000500 219.999500 0.000000
102.999750 219.999500 0.000000
200.000500 219.999500 0.000000
1355.999750 219.999500 0.000000
44.999500 221.000500 0.000000
119.000000 221.000500 0.000000
800.999500 221.000500 0.000000
1616.000750 221.000500 0.000000
140.000000 221.999750 0.000000
380.999500 221.999750 0.000000
417.000500 221.999750 0.000000
1077.000750 221.999750 0.000000
1320.000500 221.999750 0.000000
1654.000250 221.999750 0.000000
275.000250 223.000750 0.000000
937.000750 223.000750 0.000000
1196.000750 223.000750 0.000000
1248.999500 223.000750 0.000000
1633.000250 223.000750 0.000000
903.999250 224.000000 0.000000
1031.999500 224.000000 0.000000
1059.999500 224.000000 0.000000
1281.000000 224.000000 0.000000
1689.999500 224.000000 0.000000
174.000750 224.999250 0.000000
961.000250 224.999250 0.000000
996.999500 224.999250 0.000000
1140.000750 224.999250 0.000000
350.999250 226.000250 0.000000
1708.999250 226.000250 0.000000
317.000250 226.999500 0.000000
1113.000000 226.999500 0.000000
1166.999750 226.999500 0.000000
457.000250 228.000500 0.000000
692.000750 228.000500 0.000000
735.999250 228.000500 0.000000
492.999500 228.999750 0.000000
595.000000 228.999750 0.000000
639.000250 228.999750 0.000000
767.999750 230.000750 0.000000
527.999500 231.999250 0.000000
560.999250 231.999250 0.000000
1558.999750 244.000750 0.000000
151.999750 247.000250 0.000000
1575.000000 247.000250 0.000000
1642.000500 247.000250 0.000000
105.000000 247.999500 0.000000
175.000000 247.999500 0.000000
130.999750 249.000500 0.000000
1605.999500 249.999750 0.000000
1661.000250 249.999750 0.000000
1509.999750 265.000750 0.000000
1248.000250 266.000000 0.000000
1215.999750 266.999250 0.000000
1467.999750 266.999250 0.000000
1087.999500 268.000250 0.000000
1309.999250 268.000250 0.000000
1435.000000 268.000250 0.000000
1171.999500 268.999500 0.000000
1404.000500 268.999500 0.000000
1005.000500 270.000500 0.000000
1278.000500 270.000500 0.000000
1337.000000 270.000500 0.000000
1367.999500 270.000500 0.000000
891.000250 270.999750 0.000000
1050.000000 270.999750 0.000000
1127.000000 270.999750 0.000000
606.000500 272.000750 0.000000
707.000000 272.000750 0.000000
861.999250 272.000750 0.000000
931.000000 272.000750 0.000000
959.999250 272.000750 0.000000
501.000500 273.000000 0.000000
744.000250 273.000000 0.000000
779.999500 273.999250 0.000000
828.000250 273.999250 0.000000
352.999500 275.000250 0.000000
413.000000 275.000250 0.000000
469.999250 275.000250 0.000000
1553.000750 275.000250 0.000000
121.999500 275.999500 0.000000
1577.999500 275.999500 0.000000
266.999250 277.000500 0.000000
315.000000 277.000500 0.000000
436.000250 277.000500 0.000000
539.999250 277.000500 0.000000
639.000250 277.000500 0.000000
672.000000 277.000500 0.000000
35.000000 277.999750 0.000000
139.000750 277.999750 0.000000
387.999500 277.999750 0.000000
574.999250 277.999750 0.000000
1610.000000 277.999750 0.000000
1642.999750 277.999750 0.000000
1675.999500 277.999750 0.000000
1696.000250 277.999750 0.000000
91.000000 279.000750 0.000000
191.000250 279.000750 0.000000
1712.000500 279.000750 0.000000
67.999750 280.000000 0.000000
172.000500 280.999250 0.000000
217.999250 282.999500 0.000000
1549.999500 308.999250 0.000000
1607.000500 310.000250 0.000000
1003.000250 312.000500 0.000000
1409.999500 312.000500 0.000000
1577.000250 312.000500 0.000000
931.999250 312.999750 0.000000
1029.000000 312.999750 0.000000
1204.000000 312.999750 0.000000
1505.999250 312.999750 0.000000
1635.999750 312.999750 0.000000
1670.999750 312.999750 0.000000
970.000500 314.000750 0.000000
1341.999750 314.000750 0.000000
1434.000750 314.000750 0.000000
1694.999250 314.000750 0.000000
1159.999750 315.000000 0.000000
1236.000500 315.000000 0.000000
1308.000750 315.000000 0.000000
1376.999750 315.000000 0.000000
1465.999500 315.000000 0.000000
156.000250 315.999250 0.000000
1260.999250 315.999250 0.000000
63.999250 317.000250 0.000000
102.999750 317.000250 0.000000
132.000750 317.000250 0.000000
419.000750 317.000250 0.000000
868.999250 317.000250 0.000000
905.000250 317.000250 0.000000
1064.999250 317.000250 0.000000
1096.000500 317.000250 0.000000
35.999250 317.999500 0.000000
205.999500 317.999500 0.000000
181.000750 319.000500 0.000000
307.000750 319.000500 0.000000
835.999500 319.000500 0.000000
1124.999750 319.000500 0.000000
343.999250 321.000750 0.000000
377.000750 321.000750 0.000000
497.999250 321.000750 0.000000
630.000000 321.000750 0.000000
797.000750 321.000750 0.000000
261.999500 322.000000 0.000000
690.999750 322.999250 0.000000
555.999500 324.000250 0.000000
727.000750 324.000250 0.000000
763.999250 324.000250 0.000000
585.000500 324.999500 0.000000
662.999750 324.999500 0.000000
1549.000250 340.000500 0.000000
1603.000000 340.999750 0.000000
1631.000000 340.999750 0.000000
1575.999250 343.000000 0.000000
149.999500 352.000250 0.000000
174.000750 354.000500 0.000000
42.000000 354.999750 0.000000
97.000750 354.999750 0.000000
125.000750 354.999750 0.000000
70.999250 356.000750 0.000000
196.000000 356.000750 0.000000
1421.999250 356.000750 0.000000
1381.000250 357.000000 0.000000
1155.999250 357.999250 0.000000
1472.000250 357.999250 0.000000
1509.000500 357.999250 0.000000
1190.999250 359.000250 0.000000
214.999750 359.999500 0.000000
1071.999250 361.000500 0.000000
1320.999750 361.999750 0.000000
366.999500 363.000750 0.000000
595.999250 363.000750 0.000000
1015.999250 363.000750 0.000000
1043.000000 363.000750 0.000000
1115.999500 363.000750 0.000000
1225.999250 363.000750 0.000000
1294.000750 363.000750 0.000000
464.999500 364.000000 0.000000
567.000000 364.000000 0.000000
634.999750 364.000000 0.000000
686.000000 364.000000 0.000000
907.999750 364.000000 0.000000
261.000250 364.999250 0.000000
396.999750 364.999250 0.000000
494.999750 364.999250 0.000000
723.000250 364.999250 0.000000
944.000750 364.999250 0.000000
1262.000250 364.999250 0.000000
322.999250 366.000250 0.000000
289.999500 366.999500 0.000000
436.999500 366.999500 0.000000
770.000000 366.999500 0.000000
524.000750 368.000500 0.000000
982.000250 368.000500 0.000000
816.000500 371.999250 0.000000
837.999750 373.000250 0.000000
1488.000500 401.999500 0.000000
1449.000000 403.000500 0.000000
1259.000750 403.999750 0.000000
1378.000750 403.999750 0.000000
1421.999250 403.999750 0.000000
1087.999500 405.000750 0.000000
1164.000250 405.000750 0.000000
1271.000500 405.000750 0.000000
1346.999500 405.000750 0.000000
1064.000000 406.000000 0.000000
1311.999500 406.000000 0.000000
352.999500 406.999250 0.000000
1003.000250 406.999250 0.000000
1211.000000 406.999250 0.000000
669.000500 408.000250 0.000000
753.999750 408.000250 0.000000
793.000250 408.000250 0.000000
296.000250 408.999500 0.000000
324.000250 408.999500 0.000000
473.999750 408.999500 0.000000
564.000500 408.999500 0.000000
702.000250 408.999500 0.000000
1029.000000 408.999500 0.000000
1124.000500 408.999500 0.000000
436.999500 410.000500 0.000000
639.999500 410.000500 0.000000
952.000000 410.000500 0.000000
979.000750 410.000500 0.000000
256.000500 410.999750 0.000000
604.999500 410.999750 0.000000
823.000500 410.999750 0.000000
532.000000 412.000750 0.000000
121.999500 413.000000 0.000000
392.000000 413.000000 0.000000
513.000250 413.999250 0.000000
93.000250 415.000250 0.000000
151.999750 417.999750 0.000000
56.999250 419.000750 0.000000
32.000500 420.000000 0.000000
175.999250 422.000250 0.000000
203.000000 429.999500 0.000000
1649.000500 441.999250 0.000000
1717.000250 441.999250 0.000000
881.000750 443.000250 0.000000
1134.000000 443.000250 0.000000
1617.000000 443.000250 0.000000
1677.000500 443.000250 0.000000
1161.000750 443.999500 0.000000
1549.999500 443.999500 0.000000
861.000000 445.000500 0.000000
935.000500 445.000500 0.000000
1092.999250 445.000500 0.000000
1579.000500 445.000500 0.000000
1057.000000 447.000750 0.000000
1428.000000 447.000750 0.000000
1474.999750 447.000750 0.000000
1502.000500 447.000750 0.000000
716.999500 448.000000 0.000000
1311.999500 450.000250 0.000000
1334.999750 450.000250 0.000000
543.000500 450.999500 0.000000
837.000500 450.999500 0.000000
1008.000000 450.999500 0.000000
1241.000250 450.999500 0.000000
1358.999250 450.999500 0.000000
1388.000250 450.999500 0.000000
511.000000 452.000500 0.000000
581.000000 452.000500 0.000000
678.000750 452.000500 0.000000
805.999250 452.000500 0.000000
1278.000500 452.000500 0.000000
436.000250 452.999750 0.000000
606.999750 452.999750 0.000000
639.999500 452.999750 0.000000
767.000500 452.999750 0.000000
973.999250 452.999750 0.000000
476.000000 454.000750 0.000000
1253.000000 454.000750 0.000000
1208.999750 455.000000 0.000000
93.000250 457.000250 0.000000
114.999500 457.000250 0.000000
392.000000 457.000250 0.000000
56.000000 457.999500 0.000000
259.999250 457.999500 0.000000
301.999250 459.000500 0.000000
347.999750 459.000500 0.000000
32.999750 459.999750 0.000000
149.999500 459.999750 0.000000
212.999500 461.000750 0.000000
186.999750 462.000000 0.000000
1589.000000 476.999250 0.000000
1554.000000 478.000250 0.000000
1705.000500 478.000250 0.000000
1617.999250 478.999500 0.000000
1670.000500 478.999500 0.000000
1642.000500 480.000500 0.000000
107.999500 490.999250 0.000000
734.000750 490.999250 0.000000
1458.000250 490.999250 0.000000
91.999250 492.000250 0.000000
704.999750 492.000250 0.000000
760.999750 492.000250 0.000000
1066.000250 492.000250 0.000000
1180.999750 492.000250 0.000000
130.999750 492.999500 0.000000
513.999500 492.999500 0.000000
884.000250 492.999500 0.000000
912.000250 492.999500 0.000000
944.000750 492.999500 0.000000
1136.999500 492.999500 0.000000
1227.999500 492.999500 0.000000
548.000250 494.000500 0.000000
671.000750 494.000500 0.000000
982.999500 494.000500 0.000000
34.000750 494.999750 0.000000
646.999500 494.999750 0.000000
851.999750 494.999750 0.000000
1031.000250 494.999750 0.000000
1098.000750 494.999750 0.000000
60.999750 496.000750 0.000000
158.000500 496.000750 0.000000
825.000750 496.000750 0.000000
1421.999250 496.000750 0.000000
1500.000250 496.000750 0.000000
632.000250 497.000000 0.000000
793.999500 497.000000 0.000000
1346.000250 497.000000 0.000000
1388.000250 497.000000 0.000000
186.000500 497.999250 0.000000
207.000500 497.999250 0.000000
576.000250 497.999250 0.000000
601.000750 497.999250 0.000000
1288.000000 497.999250 0.000000
352.999500 499.999500 0.000000
485.000250 499.999500 0.000000
296.999500 501.000500 0.000000
385.000000 501.999750 0.000000
417.000500 503.000750 0.000000
452.000500 503.000750 0.000000
254.999500 504.999250 0.000000
1556.999500 510.000750 0.000000
1596.000000 510.000750 0.000000
1686.000750 511.000000 0.000000
1658.000750 511.999250 0.000000
1626.000250 513.000250 0.000000
95.000500 518.999250 0.000000
130.000500 522.999750 0.000000
688.999500 532.000000 0.000000
1292.999750 532.999250 0.000000
1008.999250 534.999500 0.000000
1080.000250 534.999500 0.000000
1211.999250 534.999500 0.000000
1320.999750 534.999500 0.000000
1498.000000 534.999500 0.000000
1140.000750 536.000500 0.000000
1246.000000 536.000500 0.000000
1271.000500 536.000500 0.000000
581.000000 536.999750 0.000000
616.999250 536.999750 0.000000
833.999250 536.999750 0.000000
1040.999750 536.999750 0.000000
1376.999750 536.999750 0.000000
1112.000750 538.000750 0.000000
1355.000500 538.000750 0.000000
1427.000750 538.000750 0.000000
1553.000750 538.000750 0.000000
497.000000 539.000000 0.000000
553.000000 539.000000 0.000000
657.000750 539.000000 0.000000
720.000750 539.000000 0.000000
984.000500 539.000000 0.000000
1176.000000 539.000000 0.000000
1463.000000 539.000000 0.000000
1581.000750 539.000000 0.000000
758.000250 539.999250 0.000000
809.999750 539.999250 0.000000
938.999250 539.999250 0.000000
1607.999750 539.999250 0.000000
520.999500 541.000250 0.000000
903.999250 541.000250 0.000000
471.999500 543.000500 0.000000
874.000750 543.000500 0.000000
447.000750 545.000750 0.000000
301.000000 546.999250 0.000000
378.000000 546.999250 0.000000
338.000250 548.000250 0.000000
224.000000 548.999500 0.000000
259.999250 550.000500 0.000000
405.000750 550.000500 0.000000
184.999500 552.000750 0.000000
205.000250 552.000750 0.000000
165.000500 553.999250 0.000000
135.999500 555.000250 0.000000
30.999500 557.999750 0.000000
86.999500 557.999750 0.000000
55.000750 559.000750 0.000000
112.000000 560.000000 0.000000
1672.000750 562.999500 0.000000
1705.000500 564.000500 0.000000
1589.999250 564.999750 0.000000
1645.000000 564.999750 0.000000
1556.999500 566.000750 0.000000
1619.000250 566.000750 0.000000
1264.999750 571.999750 0.000000
1043.000000 574.999250 0.000000
1332.000250 574.999250 0.000000
1078.000000 576.000250 0.000000
1297.000250 576.000250 0.000000
1369.999750 576.999500 0.000000
1001.999250 578.999750 0.000000
1112.000750 578.999750 0.000000
937.000750 580.000750 0.000000
965.000750 580.000750 0.000000
1166.000500 580.000750 0.000000
550.999750 581.000000 0.000000
812.999250 581.000000 0.000000
1141.000000 581.000000 0.000000
1190.000000 581.000000 0.000000
1512.999250 581.000000 0.000000
408.999500 581.999250 0.000000
853.000750 581.999250 0.000000
466.000500 583.000250 0.000000
529.000500 583.000250 0.000000
576.000250 583.000250 0.000000
616.000000 583.000250 0.000000
648.000500 583.000250 0.000000
725.999750 583.000250 0.000000
877.999500 583.000250 0.000000
909.000750 583.000250 0.000000
1428.999250 583.000250 0.000000
438.999750 583.999500 0.000000
683.999750 583.999500 0.000000
368.000500 585.000500 0.000000
506.999500 585.000500 0.000000
1395.000250 585.999750 0.000000
770.000000 587.000750 0.000000
329.999250 590.000250 0.000000
301.999250 590.999500 0.000000
263.999750 592.999750 0.000000
203.999250 595.000000 0.000000
1563.000250 595.000000 0.000000
140.000000 595.999250 0.000000
177.000250 595.999250 0.000000
30.999500 597.000250 0.000000
53.000500 597.000250 0.000000
77.999250 597.000250 0.000000
107.999500 597.000250 0.000000
1589.999250 597.000250 0.000000
1621.000500 597.999500 0.000000
1659.999250 597.999500 0.000000
1705.000500 599.000500 0.000000
1680.999250 599.999750 0.000000
1442.999250 609.999250 0.000000
1491.999250 615.000750 0.000000
1395.000250 616.999250 0.000000
996.000250 618.000250 0.000000
1087.000250 618.000250 0.000000
1141.999250 618.000250 0.000000
1215.999750 618.000250 0.000000
1038.999500 618.999500 0.000000
1119.000750 618.999500 0.000000
1178.000250 618.999500 0.000000
949.000500 620.000500 0.000000
800.999500 620.999750 0.000000
893.000500 620.999750 0.000000
909.000750 620.999750 0.000000
1287.000750 620.999750 0.000000
1348.999750 620.999750 0.000000
784.000000 623.000000 0.000000
830.999750 623.000000 0.000000
1316.000000 623.000000 0.000000
856.000250 623.999250 0.000000
1255.999500 625.000250 0.000000
604.000250 625.999500 0.000000
630.999250 625.999500 0.000000
653.000250 625.999500 0.000000
718.999750 625.999500 0.000000
548.000250 627.000500 0.000000
574.999250 627.000500 0.000000
753.999750 627.000500 0.000000
102.999750 627.999750 0.000000
189.999250 627.999750 0.000000
153.000750 629.000750 0.000000
375.999750 630.000000 0.000000
406.000000 630.000000 0.000000
440.000750 630.000000 0.000000
520.000250 630.000000 0.000000
672.999250 630.000000 0.000000
1556.999500 630.000000 0.000000
126.999250 630.999250 0.000000
476.000000 632.000250 0.000000
1586.999750 634.000500 0.000000
39.999750 634.999750 0.000000
72.999500 634.999750 0.000000
324.000250 636.000750 0.000000
350.999250 636.000750 0.000000
261.000250 637.000000 0.000000
1619.999500 637.000000 0.000000
291.999750 639.000250 0.000000
1019.999750 651.999250 0.000000
697.999750 653.999500 0.000000
744.999500 653.999500 0.000000
1047.000500 653.999500 0.000000
1159.999750 653.999500 0.000000
774.999750 655.000500 0.000000
944.000750 655.000500 0.000000
989.999500 655.000500 0.000000
1068.000500 655.000500 0.000000
1089.999750 655.000500 0.000000
1113.999250 655.000500 0.000000
1138.999750 655.000500 0.000000
720.000750 655.999750 0.000000
970.999750 655.999750 0.000000
1183.999250 655.999750 0.000000
842.000250 657.000750 0.000000
888.000750 657.000750 0.000000
917.000000 657.000750 0.000000
1215.000500 657.000750 0.000000
1294.000750 657.000750 0.000000
1327.000500 657.000750 0.000000
102.999750 658.000000 0.000000
807.000250 658.000000 0.000000
863.000250 658.000000 0.000000
1353.000250 658.000000 0.000000
79.999500 658.999250 0.000000
137.000500 658.999250 0.000000
191.999500 658.999250 0.000000
1243.000500 658.999250 0.000000
1266.000750 658.999250 0.000000
163.999500 660.000250 0.000000
151.000500 692.000750 0.000000
126.000000 693.000000 0.000000
98.999250 693.999250 0.000000
72.000250 695.000250 0.000000
1645.000000 695.000250 0.000000
39.999750 695.999500 0.000000
184.999500 695.999500 0.000000
203.999250 695.999500 0.000000
203.999250 725.000500 0.000000
144.999750 725.999750 0.000000
174.000750 725.999750 0.000000
105.999250 727.000750 0.000000
51.999500 728.000000 0.000000
74.999750 728.000000 0.000000
774.000500 728.000000 0.000000
1073.000250 728.000000 0.000000
648.999750 728.999250 0.000000
660.000250 728.999250 0.000000
674.999500 728.999250 0.000000
699.000750 728.999250 0.000000
751.999500 728.999250 0.000000
795.000500 728.999250 0.000000
821.000250 728.999250 0.000000
849.999500 728.999250 0.000000
882.000000 728.999250 0.000000
928.000500 728.999250 0.000000
952.999250 728.999250 0.000000
966.000000 728.999250 0.000000
977.999750 728.999250 0.000000
1008.999250 728.999250 0.000000
1036.000000 728.999250 0.000000
1059.000250 728.999250 0.000000
1085.000000 728.999250 0.000000
723.999500 730.000250 0.000000
870.999500 730.000250 0.000000
917.000000 730.000250 0.000000
1458.571429 577.857143 0.000000
222.857143 316.953125 0.000000
122.142857 77.299107 0.000000
1515.000000 85.055804 0.000000
1094.285714 730.625000 0.000000
1102.857143 729.910714 0.000000
1617.142857 692.868304 0.000000
1544.285714 597.991071 0.000000
1540.000000 562.276786 0.000000
1536.428571 540.848214 0.000000
1532.142857 510.848214 0.000000
1532.142857 475.133929 0.000000
1532.857143 442.276786 0.000000
1535.714286 632.276786 0.000000
1372.142857 652.578125 0.000000
1398.571429 655.435268 0.000000
250.714286 224.285714 0.000000
247.142857 279.285714 0.000000
246.428571 595.000000 0.000000
192.857143 380.390625 0.000000
211.428571 380.390625 0.000000
