12
12
12
12
12
12
12
12
12
12
12
12
12
12
12
12
12
12
12
12
12
12
12
12
12
12
12
12
12
12
12
12
12
12
12
12
12
12
12
12
12
12
12
12
12
12
12
12
12
12
12
12
12
12
12
12
12
12
12
12
12
12
12
12
12
12
12
12
12
12
12
1
12
12
12
12
12
12
12
12
12
12
12
12
12
12
12
12
12
12
12
12
12
12
12
12
12
12
12
12
12
12
12
12
12
12
12
12
12
12
12
12
12
12
12
12
12
12
12
12
12
12
12
12
12
12
12
12
12
12
12
12
12
0
12
0
0
0
0
0
0
0
0
0
0
0
14
14
14
14
14
14
14
14
14
14
14
14
14
14
14
14
14
14
14
14
14
14
14
14
14
14
14
14
14
14
14
14
0
0
0
0
0
0
0
0
14
14
14
10
10
14
14
14
10
0
0
0
14
0
0
14
10
0
14
14
14
14
10
14
14
14
14
10
14
14
14
14
10
0
14
14
14
14
10
14
14
14
14
14
14
14
14
14
14
14
14
10
0
10
10
0
0
0
10
10
14
14
14
14
14
14
14
14
14
14
14
14
14
14
14
14
14
14
14
14
14
14
14
14
14
14
14
14
11
2
11
14
14
14
14
14
14
2
2
14
14
11
11
11
11
2
2
11
2
2
2
11
11
14
14
11
14
14
14
14
11
11
14
14
14
11
14
14
14
14
14
2
14
2
2
2
14
14
14
14
14
2
2
2
14
14
14
14
14
14
14
14
14
14
14
14
14
14
14
11
11
11
11
2
2
2
2
2
2
2
14
14
14
14
14
14
2
14
14
14
14
14
14
14
14
14
14
14
14
14
14
14
14
14
14
14
14
14
14
14
14
14
14
14
14
14
14
14
14
14
14
14
14
14
14
14
14
14
14
14
14
14
14
14
14
14
14
14
14
14
14
14
14
14
14
14
14
3
14
14
3
3
3
3
3
3
8
8
14
14
8
8
14
8
14
14
14
8
14
14
14
14
14
14
14
14
14
14
14
14
14
14
14
14
14
14
14
14
14
14
14
14
14
14
3
3
14
3
14
14
14
3
3
3
3
8
8
8
8
8
8
3
14
14
3
14
14
14
14
3
14
14
14
14
14
14
14
14
14
3
14
14
14
14
3
3
14
14
14
14
14
14
14
3
3
14
14
14
14
14
14
14
14
14
14
8
8
8
8
8
3
3
14
14
14
14
14
14
14
14
14
14
14
14
14
14
14
14
14
14
8
14
14
14
14
14
14
14
8
14
14
14
8
14
14
14
14
14
14
14
14
4
14
14
4
4
4
4
4
4
4
4
9
9
9
9
9
9
14
14
14
14
14
14
14
14
14
14
14
14
14
14
14
14
14
14
14
14
14
14
14
14
14
14
14
14
14
14
14
14
14
14
14
14
5
9
5
5
5
5
5
5
9
9
9
9
9
14
14
14
14
14
14
14
14
14
14
14
14
14
14
14
14
14
14
14
14
14
14
14
14
14
14
14
14
5
5
5
14
14
14
14
14
9
5
14
9
5
5
14
14
14
9
14
7
7
7
7
7
7
7
7
7
7
7
7
7
7
7
7
7
7
7
7
7
5
7
7
7
5
5
5
7
7
5
6
6
6
6
13
6
6
6
6
6
6
6
6
6
15
15
15
15
15
15
15
15
15
15
15
15
15
15
15
15
15
15
15
15
15
15
14
2
1
12
15
15
13
9
9
8
8
8
8
9
7
7
14
14
14
2
2
