258 264
536 537
159 160
406 409
29 32
207 209
779 780
628 629
11 23
749 757
720 730
221 229
650 653
232 238
410 415
483 485
613 622
292 298
324 330
623 626
424 426
51 64
254 262
225 226
265 271
106 107
435 444
694 695
317 318
646 655
288 291
786 787
47 48
226 227
15 25
425 436
668 670
457 459
107 108
716 728
546 564
760 762
549 560
199 200
609 611
207 213
638 647
210 218
169 177
431 442
81 82
232 242
475 476
443 453
634 649
653 662
535 536
364 370
556 568
384 385
84 93
627 628
782 803
87 98
325 326
373 375
755 804
287 290
347 350
139 144
358 359
406 408
272 283
693 694
602 603
634 635
224 233
110 122
162 169
364 365
790 793
332 342
575 576
604 612
246 248
656 659
458 805
416 421
302 310
469 805
667 668
294 306
386 398
317 326
605 622
465 471
660 665
379 386
21 22
390 395
479 482
280 282
312 314
121 127
420 423
582 583
2 8
663 666
54 55
671 679
501 515
431 441
313 315
682 688
334 347
552 569
162 173
3 9
453 456
615 616
294 301
323 337
715 721
179 180
767 768
726 727
486 489
109 112
88 89
689 696
708 709
538 545
718 741
557 558
800 801
531 533
550 784
172 176
652 661
261 263
10 25
472 474
62 63
154 155
146 151
774 775
35 36
623 624
246 247
615 620
526 530
95 96
537 539
354 356
338 339
497 512
17 24
65 73
68 69
117 120
279 280
729 736
120 125
586 589
570 572
371 372
707 708
228 234
678 681
58 70
69 70
548 553
730 737
404 405
711 714
102 103
334 337
94 99
345 346
374 382
674 683
223 231
43 44
135 136
367 370
156 168
756 758
338 343
208 215
187 192
637 639
496 511
76 77
227 237
287 288
319 320
567 571
316 333
389 403
400 403
249 252
460 463
42 48
548 557
134 140
352 353
234 236
412 413
261 262
123 130
463 464
755 761
434 437
596 597
604 610
374 395
445 446
445 455
124 131
704 706
375 378
359 361
216 223
300 302
130 138
437 438
729 735
257 260
419 420
651 654
42 43
440 452
268 269
119 128
301 303
360 361
632 649
75 76
773 774
663 664
711 713
53 66
315 322
506 518
744 746
367 369
558 565
237 241
164 180
626 629
86 90
788 789
308 310
109 110
157 159
377 391
636 642
559 566
389 402
448 451
201 202
71 74
98 100
508 511
780 781
500 507
540 543
163 166
211 215
182 188
39 41
282 284
721 731
640 657
541 544
585 587
776 783
633 636
795 796
116 117
736 737
717 733
407 409
765 782
695 696
647 656
666 669
710 712
699 702
111 123
743 745
414 417
640 643
761 762
274 275
632 648
525 531
115 129
484 490
53 56
606 614
85 88
673 676
296 299
305 793
495 508
5 6
38 40
229 236
285 289
86 89
528 532
167 172
588 592
259 264
238 241
202 794
513 516
322 329
720 738
451 452
163 165
621 625
44 46
481 483
514 517
502 515
332 351
363 366
554 562
244 247
466 467
746 750
56 65
145 152
555 563
245 248
639 642
358 363
318 336
429 432
299 304
278 281
672 675
63 64
148 153
598 618
219 222
381 382
203 205
295 297
473 474
753 757
392 397
125 142
204 206
217 225
776 777
85 87
155 161
706 709
373 383
506 507
727 741
166 170
465 466
388 399
768 769
488 495
126 133
167 171
480 491
739 742
0 3
439 450
11 12
259 263
461 468
510 519
801 802
590 600
650 651
321 323
462 469
734 739
591 592
491 505
591 601
724 725
554 561
196 197
114 118
675 689
624 625
137 138
55 59
96 97
250 253
428 430
147 151
188 189
418 422
239 243
218 220
170 171
450 454
328 339
328 348
240 244
598 617
494 496
295 296
705 707
254 255
173 181
392 396
103 104
273 277
683 697
715 738
425 429
206 214
136 137
266 274
269 270
679 681
77 78
58 74
641 645
210 211
579 581
749 754
113 135
343 350
184 186
54 67
682 691
523 527
790 791
51 52
494 500
14 21
354 355
114 126
446 447
335 341
387 388
147 150
340 792
631 785
520 521
228 233
678 680
29 33
439 444
630 631
268 278
329 792
498 502
442 449
571 572
722 732
461 462
641 658
412 417
380 394
132 143
221 230
383 390
504 509
224 235
284 286
723 733
154 158
324 331
575 578
397 401
376 378
664 665
424 427
95 99
143 148
545 555
17 18
605 606
116 140
365 368
597 602
235 240
179 187
198 200
697 698
47 49
427 428
168 186
549 561
309 311
638 648
80 82
371 402
579 580
701 704
272 289
205 208
102 106
475 477
523 526
146 149
612 613
763 773
644 654
84 94
286 290
265 267
176 177
195 199
645 646
28 31
276 291
745 751
250 251
298 300
327 336
660 662
191 192
770 771
312 320
722 731
242 243
611 616
700 703
372 380
91 92
293 297
501 512
464 472
752 759
183 184
771 772
544 553
175 189
556 564
426 436
434 449
505 509
667 669
216 217
748 752
57 62
308 309
430 433
478 482
157 158
6 7
559 565
538 542
607 614
335 344
319 327
379 387
599 619
190 191
560 566
775 783
113 115
39 40
393 398
582 584
652 658
75 79
112 128
493 503
131 141
674 676
485 499
633 635
763 772
72 73
385 393
593 608
677 687
574 576
164 165
769 770
655 659
765 781
5 10
717 732
256 257
467 468
28 30
486 490
197 198
400 405
79 81
699 701
492 497
540 546
219 231
352 355
23 27
700 702
684 685
404 411
533 534
493 498
541 547
13 19
16 24
685 686
35 37
534 535
644 657
777 778
57 61
718 719
316 321
356 357
567 568
499 513
570 573
71 72
119 121
529 532
599 618
691 692
551 569
330 341
743 748
333 346
104 105
692 693
740 742
83 91
724 734
684 698
45 46
725 726
267 275
307 311
677 686
785 786
285 292
49 52
747 750
710 719
607 608
19 20
456 457
680 687
249 253
362 368
751 756
414 415
190 194
134 141
603 610
384 401
13 18
175 178
585 589
447 448
45 50
594 619
643 661
314 345
325 342
193 195
26 27
245 251
407 411
277 283
766 767
588 590
510 518
422 423
60 61
182 185
454 455
764 779
381 394
4 8
222 230
303 304
271 281
543 551
433 441
1 2
34 36
212 213
204 209
37 41
714 716
145 150
15 22
26 31
488 489
97 100
617 621
418 421
747 758
178 183
477 479
688 690
672 673
521 522
728 735
12 16
514 519
432 440
594 600
144 153
573 577
484 487
487 492
174 181
193 194
786 788
547 552
595 601
798 799
59 60
266 273
517 520
118 127
0 1
377 396
92 93
30 32
712 713
351 353
529 530
270 279
111 124
33 34
764 778
4 7
470 471
690 703
133 139
583 586
562 563
753 759
14 20
376 391
66 67
524 527
122 129
503 504
435 458
344 349
754 760
174 185
595 596
