1252.000750 42.000000 0.000000
1236.999750 42.999250 0.000000
1222.000500 44.000250 0.000000
1276.000250 44.000250 0.000000
1162.999250 44.999500 0.000000
1068.999750 46.000500 0.000000
1096.000500 46.000500 0.000000
1133.000750 46.000500 0.000000
1192.000250 46.000500 0.000000
1295.999250 46.000500 0.000000
1043.000000 49.000000 0.000000
706.000750 49.999250 0.000000
725.999750 49.999250 0.000000
802.000500 49.999250 0.000000
882.999250 49.999250 0.000000
982.000250 49.999250 0.000000
741.000750 51.000250 0.000000
767.999750 51.000250 0.000000
788.000500 51.000250 0.000000
823.000500 51.000250 0.000000
849.000250 51.000250 0.000000
919.999500 51.000250 0.000000
954.000250 51.000250 0.000000
679.000000 51.999500 0.000000
753.000500 51.999500 0.000000
1007.000750 53.000500 0.000000
630.000000 53.999750 0.000000
655.000500 55.000750 0.000000
585.999750 56.999250 0.000000
511.999250 58.000250 0.000000
562.999500 58.000250 0.000000
606.999750 58.000250 0.000000
529.000500 58.999500 0.000000
485.999500 60.999750 0.000000
452.999750 63.000000 0.000000
405.000750 63.999250 0.000000
427.999250 63.999250 0.000000
373.000250 67.000500 0.000000
270.999750 69.000750 0.000000
333.000500 69.000750 0.000000
303.999500 70.000000 0.000000
349.000750 70.999250 0.000000
1530.000500 72.999500 0.000000
1556.999500 72.999500 0.000000
1581.000750 72.999500 0.000000
1633.999500 74.000500 0.000000
1610.000000 74.999750 0.000000
1470.999250 77.999250 0.000000
1500.999500 77.999250 0.000000
1446.999750 79.000250 0.000000
1663.000500 79.999500 0.000000
1399.000750 81.000500 0.000000
1421.999250 81.999750 0.000000
1066.999500 83.000750 0.000000
1157.000250 83.000750 0.000000
1190.999250 83.000750 0.000000
1033.000500 84.000000 0.000000
1288.999250 84.000000 0.000000
858.000500 84.999250 0.000000
1220.000250 84.999250 0.000000
1246.999250 84.999250 0.000000
1267.000000 84.999250 0.000000
1316.000000 84.999250 0.000000
1348.000500 84.999250 0.000000
1376.000500 84.999250 0.000000
1007.000750 86.000250 0.000000
1099.999250 86.000250 0.000000
1129.000250 86.000250 0.000000
758.000250 86.999500 0.000000
788.999750 86.999500 0.000000
823.000500 86.999500 0.000000
923.000750 86.999500 0.000000
954.999500 86.999500 0.000000
984.999750 86.999500 0.000000
893.000500 88.000500 0.000000
592.999750 98.000000 0.000000
622.000750 98.000000 0.000000
651.000000 98.000000 0.000000
686.999250 98.000000 0.000000
564.999750 100.999500 0.000000
482.000750 102.999750 0.000000
532.999250 104.000750 0.000000
508.000500 107.000250 0.000000
849.000250 112.999250 0.000000
954.000250 112.999250 0.000000
1208.999750 112.999250 0.000000
1259.000750 112.999250 0.000000
1178.000250 114.000250 0.000000
1227.999500 114.000250 0.000000
1239.999250 114.000250 0.000000
1283.000250 114.000250 0.000000
877.000250 114.999500 0.000000
900.000500 114.999500 0.000000
926.000250 114.999500 0.000000
984.000500 114.999500 0.000000
1033.000500 114.999500 0.000000
1057.999250 114.999500 0.000000
1091.000750 114.999500 0.000000
1150.000250 114.999500 0.000000
1008.000000 116.000500 0.000000
1120.000000 116.999750 0.000000
1327.000500 130.999750 0.000000
123.999750 137.999750 0.000000
154.999250 139.000750 0.000000
186.999750 139.000750 0.000000
217.000000 140.000000 0.000000
93.999500 140.999250 0.000000
65.999500 142.000250 0.000000
39.000500 144.999750 0.000000
756.999250 147.999250 0.000000
786.000250 151.000500 0.000000
1183.999250 151.999750 0.000000
737.999500 153.000750 0.000000
921.000500 153.000750 0.000000
553.000000 154.000000 0.000000
877.000250 154.000000 0.000000
1372.000000 154.000000 0.000000
1407.999250 154.000000 0.000000
581.000000 154.999250 0.000000
672.000000 154.999250 0.000000
1435.000000 154.999250 0.000000
641.999750 156.000250 0.000000
814.999500 156.000250 0.000000
1148.000000 156.000250 0.000000
1222.000500 156.000250 0.000000
1469.000750 156.000250 0.000000
536.000500 156.999500 0.000000
613.999750 156.999500 0.000000
707.999250 156.999500 0.000000
847.000000 156.999500 0.000000
1119.000750 156.999500 0.000000
1255.999500 156.999500 0.000000
268.000250 158.000500 0.000000
515.999750 158.000500 0.000000
1311.999500 158.000500 0.000000
966.000000 158.999750 0.000000
998.999750 158.999750 0.000000
1029.999250 158.999750 0.000000
1073.000250 158.999750 0.000000
483.999250 160.000750 0.000000
1343.000750 160.000750 0.000000
1283.999500 161.000000 0.000000
1518.000750 161.000000 0.000000
305.999750 161.999250 0.000000
420.000000 163.000250 0.000000
163.999500 165.000500 0.000000
56.000000 168.000000 0.000000
104.000750 168.000000 0.000000
342.000750 168.000000 0.000000
42.999250 168.999250 0.000000
130.000500 168.999250 0.000000
79.000250 170.000250 0.000000
191.999500 170.000250 0.000000
373.999500 172.000500 0.000000
1677.999750 186.000500 0.000000
1703.000250 186.999750 0.000000
1528.999500 188.000750 0.000000
1619.000250 189.000000 0.000000
1640.999500 189.000000 0.000000
1593.000500 189.999250 0.000000
1561.000000 191.000250 0.000000
1729.000000 191.000250 0.000000
1099.999250 193.000500 0.000000
816.999750 193.999750 0.000000
732.999750 195.000750 0.000000
774.999750 195.000750 0.000000
844.999750 195.000750 0.000000
942.000500 195.000750 0.000000
1507.000250 195.000750 0.000000
1064.999250 196.000000 0.000000
879.999750 196.999250 0.000000
921.000500 196.999250 0.000000
972.000750 196.999250 0.000000
1143.000250 196.999250 0.000000
1206.000250 196.999250 0.000000
1357.000750 196.999250 0.000000
998.000500 198.000250 0.000000
1028.000750 198.000250 0.000000
1390.000500 198.000250 0.000000
644.999250 198.999500 0.000000
693.000000 198.999500 0.000000
1173.999750 198.999500 0.000000
1259.000750 198.999500 0.000000
1416.999500 200.000500 0.000000
1442.000000 200.000500 0.000000
1236.000500 200.999750 0.000000
1477.000000 200.999750 0.000000
627.000500 202.000750 0.000000
1290.999500 203.000000 0.000000
1320.999750 203.000000 0.000000
534.999500 203.999250 0.000000
560.999250 203.999250 0.000000
578.999750 203.999250 0.000000
487.999750 207.000500 0.000000
508.000500 207.000500 0.000000
457.999500 207.999750 0.000000
268.000250 209.000750 0.000000
301.000000 209.000750 0.000000
342.000750 212.000250 0.000000
422.999500 214.000500 0.000000
389.000500 216.000750 0.000000
805.999250 216.000750 0.000000
826.999250 216.000750 0.000000
224.000000 224.000000 0.000000
1670.999750 228.000500 0.000000
191.000250 230.000750 0.000000
1698.000500 231.000000 0.000000
1612.999500 231.999250 0.000000
165.999750 233.000250 0.000000
1642.999750 233.000250 0.000000
100.000250 233.999500 0.000000
123.000500 233.999500 0.000000
1544.999750 233.999500 0.000000
1579.999750 233.999500 0.000000
1715.000000 233.999500 0.000000
144.000500 235.000500 0.000000
1092.999250 235.999750 0.000000
1124.999750 235.999750 0.000000
70.000000 237.000750 0.000000
998.999750 237.000750 0.000000
44.000250 238.000000 0.000000
884.999500 238.000000 0.000000
963.000500 238.000000 0.000000
1063.000750 238.000000 0.000000
632.000250 238.999250 0.000000
1173.999750 238.999250 0.000000
1211.000000 238.999250 0.000000
1239.999250 238.999250 0.000000
728.999250 240.000250 0.000000
849.000250 240.000250 0.000000
923.000750 240.000250 0.000000
1028.000750 240.000250 0.000000
1376.000500 240.000250 0.000000
693.000000 240.999500 0.000000
772.999500 240.999500 0.000000
613.999750 242.000500 0.000000
811.000750 242.000500 0.000000
1269.000250 242.000500 0.000000
1343.000750 242.000500 0.000000
1495.999750 242.000500 0.000000
583.999500 242.999750 0.000000
1313.999750 242.999750 0.000000
1414.999250 242.999750 0.000000
1451.999500 245.000000 0.000000
555.000250 247.000250 0.000000
426.000750 247.999500 0.000000
496.000750 249.000500 0.000000
527.000250 249.000500 0.000000
462.999250 251.000750 0.000000
294.999250 252.999250 0.000000
375.000500 252.999250 0.000000
387.000250 254.999500 0.000000
268.000250 256.000500 0.000000
324.000250 256.999750 0.000000
1696.999500 266.000000 0.000000
1717.000250 266.999250 0.000000
126.000000 268.000250 0.000000
151.999750 268.000250 0.000000
1547.000000 268.000250 0.000000
1610.000000 268.999500 0.000000
175.000000 270.000500 0.000000
1654.000250 270.000500 0.000000
1673.999250 270.000500 0.000000
1635.000500 270.999750 0.000000
1582.999250 273.999250 0.000000
945.999250 280.000000 0.000000
760.000500 280.999250 0.000000
903.000000 280.999250 0.000000
1087.999500 280.999250 0.000000
1124.999750 280.999250 0.000000
1162.999250 282.000250 0.000000
987.999250 282.999500 0.000000
623.999250 284.000500 0.000000
728.000000 284.000500 0.000000
816.999750 284.000500 0.000000
863.999500 284.000500 0.000000
1502.999750 284.000500 0.000000
693.999250 284.999750 0.000000
1054.000500 284.999750 0.000000
1192.000250 284.999750 0.000000
1229.000500 284.999750 0.000000
1024.000250 286.000750 0.000000
1262.999500 286.000750 0.000000
660.000250 287.000000 0.000000
1292.999750 287.000000 0.000000
546.000000 287.999250 0.000000
1330.000000 289.000250 0.000000
1404.000500 289.000250 0.000000
1441.000750 289.000250 0.000000
583.999500 289.999500 0.000000
1367.000250 289.999500 0.000000
1470.000000 289.999500 0.000000
515.000500 291.000500 0.000000
244.000750 291.999750 0.000000
86.999500 294.000000 0.000000
214.999750 294.000000 0.000000
193.000500 294.999250 0.000000
231.000000 294.999250 0.000000
466.999750 296.000250 0.000000
170.000250 296.999500 0.000000
438.000500 296.999500 0.000000
116.000500 298.000500 0.000000
413.000000 298.000500 0.000000
140.999250 298.999750 0.000000
154.999250 298.999750 0.000000
1563.000250 300.000750 0.000000
56.000000 301.000000 0.000000
266.000000 301.000000 0.000000
352.999500 301.999250 0.000000
322.000000 303.000250 0.000000
385.000000 303.000250 0.000000
291.000500 303.999500 0.000000
926.999500 322.999250 0.000000
1673.000000 324.000250 0.000000
968.999500 324.999500 0.000000
1652.000000 324.999500 0.000000
1136.000250 326.000500 0.000000
700.999250 326.999750 0.000000
723.999500 326.999750 0.000000
828.999500 326.999750 0.000000
875.000000 326.999750 0.000000
1171.000250 326.999750 0.000000
1628.000500 326.999750 0.000000
1208.999750 328.000750 0.000000
191.999500 329.000000 0.000000
634.000500 329.000000 0.000000
665.999250 329.000000 0.000000
793.000250 329.000000 0.000000
1474.000500 329.000000 0.000000
1598.000250 329.000000 0.000000
172.999750 329.999250 0.000000
214.999750 329.999250 0.000000
569.000250 329.999250 0.000000
1106.000000 329.999250 0.000000
1278.999750 329.999250 0.000000
111.000750 331.000250 0.000000
751.000250 331.000250 0.000000
1241.000250 331.000250 0.000000
1399.000750 331.000250 0.000000
1428.000000 331.000250 0.000000
1558.000500 331.000250 0.000000
140.000000 331.999500 0.000000
599.999750 331.999500 0.000000
1369.000500 331.999500 0.000000
79.000250 333.000500 0.000000
1028.000750 333.000500 0.000000
1064.999250 333.000500 0.000000
1309.999250 333.000500 0.000000
1509.999750 333.000500 0.000000
48.000750 333.999750 0.000000
1339.999500 333.999750 0.000000
520.999500 335.000750 0.000000
438.999750 342.000750 0.000000
473.000500 342.000750 0.000000
371.999250 343.000000 0.000000
412.000750 343.000000 0.000000
321.000750 343.999250 0.000000
270.999750 345.000250 0.000000
1642.999750 356.000750 0.000000
1614.999750 357.999250 0.000000
1549.999500 359.000250 0.000000
1582.999250 359.000250 0.000000
210.999250 359.999500 0.000000
1670.999750 361.000500 0.000000
130.999750 361.999750 0.000000
151.999750 361.999750 0.000000
1710.000250 361.999750 0.000000
79.000250 363.000750 0.000000
181.000750 363.000750 0.000000
48.000750 364.999250 0.000000
109.999750 366.000250 0.000000
679.000000 368.000500 0.000000
707.000000 368.000500 0.000000
1000.000750 368.000500 0.000000
865.000500 368.999750 0.000000
1024.999500 368.999750 0.000000
1108.999500 368.999750 0.000000
1204.000000 368.999750 0.000000
1091.000750 370.000750 0.000000
1453.000500 370.000750 0.000000
734.000750 371.000000 0.000000
793.000250 371.000000 0.000000
823.999750 371.000000 0.000000
966.999250 371.000000 0.000000
1364.000750 371.000000 0.000000
1395.999500 371.000000 0.000000
1437.999500 371.000000 0.000000
1467.999750 371.000000 0.000000
1483.000750 371.000000 0.000000
601.000750 371.999250 0.000000
935.000500 371.999250 0.000000
1164.000250 371.999250 0.000000
1273.000750 371.999250 0.000000
1413.000750 371.999250 0.000000
760.000500 373.000250 0.000000
903.999250 373.000250 0.000000
1238.000750 373.000250 0.000000
1309.000000 373.000250 0.000000
1423.999500 373.000250 0.000000
1511.000750 373.000250 0.000000
543.000500 373.999500 0.000000
1334.000500 373.999500 0.000000
639.999500 375.000500 0.000000
571.999750 377.000750 0.000000
468.000750 380.000250 0.000000
504.000000 380.000250 0.000000
307.000750 380.999500 0.000000
371.999250 380.999500 0.000000
272.000750 382.000500 0.000000
336.000000 382.000500 0.000000
1710.999500 382.000500 0.000000
417.999750 384.000750 0.000000
1584.000250 387.000250 0.000000
1549.999500 389.999750 0.000000
1642.000500 389.999750 0.000000
1670.999750 389.999750 0.000000
231.999250 391.000750 0.000000
1619.000250 391.000750 0.000000
175.999250 394.000250 0.000000
51.000250 394.999500 0.000000
81.999750 394.999500 0.000000
200.000500 394.999500 0.000000
147.999250 396.000500 0.000000
116.000500 396.999750 0.000000
1138.999750 406.000000 0.000000
1017.000250 408.000250 0.000000
1085.999250 408.999500 0.000000
1171.000250 408.999500 0.000000
1204.000000 408.999500 0.000000
986.000750 410.000500 0.000000
1236.999750 410.000500 0.000000
1339.999500 410.999750 0.000000
966.999250 412.000750 0.000000
1278.000500 412.000750 0.000000
1434.000750 412.000750 0.000000
616.999250 413.000000 0.000000
1057.000000 413.000000 0.000000
1460.000500 413.000000 0.000000
1504.000750 413.000000 0.000000
672.000000 413.999250 0.000000
949.000500 413.999250 0.000000
1306.000500 413.999250 0.000000
1386.999250 413.999250 0.000000
1654.999500 413.999250 0.000000
641.000500 415.000250 0.000000
812.000000 415.000250 0.000000
847.999250 415.000250 0.000000
875.999250 415.000250 0.000000
891.999500 415.000250 0.000000
1409.999500 415.000250 0.000000
711.000500 415.999500 0.000000
919.000250 415.999500 0.000000
931.000000 415.999500 0.000000
1624.999250 415.999500 0.000000
749.999250 417.000500 0.000000
777.000000 417.999750 0.000000
1595.000750 417.999750 0.000000
1572.999750 419.000750 0.000000
585.000500 420.000000 0.000000
1549.000250 420.000000 0.000000
181.000750 420.999250 0.000000
466.000500 422.000250 0.000000
499.999500 422.999500 0.000000
153.000750 424.000500 0.000000
126.000000 424.999750 0.000000
352.000250 424.999750 0.000000
399.000000 424.999750 0.000000
420.000000 424.999750 0.000000
445.000500 424.999750 0.000000
524.000750 427.000000 0.000000
275.999500 427.999250 0.000000
319.999750 427.999250 0.000000
100.000250 429.000250 0.000000
44.999500 429.999500 0.000000
74.000500 429.999500 0.000000
1673.000000 441.999250 0.000000
1705.000500 441.999250 0.000000
1642.000500 445.999750 0.000000
1546.000750 447.000750 0.000000
1614.000500 448.000000 0.000000
1490.000750 448.999250 0.000000
224.000000 450.000250 0.000000
1577.000250 450.000250 0.000000
189.000000 452.000500 0.000000
966.999250 452.000500 0.000000
154.000000 452.999750 0.000000
891.000250 452.999750 0.000000
987.999250 452.999750 0.000000
818.000750 454.000750 0.000000
847.999250 454.000750 0.000000
926.999500 454.000750 0.000000
1463.000000 454.000750 0.000000
1005.000500 455.000000 0.000000
1238.000750 455.000000 0.000000
639.999500 455.999250 0.000000
774.999750 455.999250 0.000000
672.999250 457.000250 0.000000
1036.999250 457.000250 0.000000
1206.000250 457.000250 0.000000
111.000750 457.999500 0.000000
599.000500 457.999500 0.000000
1096.999750 457.999500 0.000000
1166.999750 457.999500 0.000000
1311.000250 457.999500 0.000000
1348.999750 457.999500 0.000000
1435.999250 457.999500 0.000000
520.999500 459.000500 0.000000
583.000250 459.000500 0.000000
735.999250 459.000500 0.000000
1395.999500 459.000500 0.000000
452.999750 459.999750 0.000000
709.000250 459.999750 0.000000
1066.999500 459.999750 0.000000
74.000500 461.000750 0.000000
392.999250 461.000750 0.000000
1131.999750 461.000750 0.000000
48.000750 462.000000 0.000000
354.999750 462.000000 0.000000
485.999500 462.000000 0.000000
424.000500 464.000250 0.000000
314.000750 466.000500 0.000000
287.000000 466.999750 0.000000
263.000500 469.000000 0.000000
1684.999750 476.999250 0.000000
1722.000000 476.999250 0.000000
231.000000 478.000250 0.000000
1649.999750 478.999500 0.000000
1707.000750 478.999500 0.000000
1544.000500 480.000500 0.000000
1596.999250 480.000500 0.000000
1617.000000 480.000500 0.000000
203.999250 480.999750 0.000000
1572.999750 482.000750 0.000000
181.000750 485.999500 0.000000
156.999500 487.000500 0.000000
133.999250 487.999750 0.000000
107.000250 490.000000 0.000000
79.999500 492.999500 0.000000
1469.000750 494.000500 0.000000
49.999250 494.999750 0.000000
595.999250 494.999750 0.000000
884.999500 494.999750 0.000000
1502.999750 494.999750 0.000000
648.000500 497.999250 0.000000
919.000250 497.999250 0.000000
1432.999750 499.000250 0.000000
555.999500 499.999500 0.000000
861.999250 499.999500 0.000000
977.999750 499.999500 0.000000
1208.000500 499.999500 0.000000
1724.000250 499.999500 0.000000
700.999250 501.000500 0.000000
809.999750 501.000500 0.000000
949.000500 501.000500 0.000000
1278.000500 501.000500 0.000000
1400.000000 501.000500 0.000000
503.000750 501.999750 0.000000
1015.000000 501.999750 0.000000
1052.000250 501.999750 0.000000
1117.000500 501.999750 0.000000
1178.000250 501.999750 0.000000
1238.000750 501.999750 0.000000
1311.000250 503.000750 0.000000
1365.000000 503.000750 0.000000
532.000000 504.000000 0.000000
1085.999250 504.000000 0.000000
1145.999750 504.000000 0.000000
441.999250 504.999250 0.000000
469.999250 508.000500 0.000000
758.000250 508.000500 0.000000
342.000750 510.000750 0.000000
413.000000 511.000000 0.000000
373.999500 511.999250 0.000000
301.999250 513.999500 0.000000
235.999750 515.000500 0.000000
177.999500 515.999750 0.000000
217.999250 517.000750 0.000000
266.000000 517.000750 0.000000
146.000750 518.000000 0.000000
60.999750 522.000500 0.000000
88.999750 522.999750 0.000000
41.000750 525.999250 0.000000
1659.999250 527.999500 0.000000
1631.000000 529.999750 0.000000
1686.000750 529.999750 0.000000
1575.000000 531.000750 0.000000
1603.999250 531.000750 0.000000
1549.999500 532.000000 0.000000
776.000750 532.999250 0.000000
1591.000250 534.000250 0.000000
744.000250 536.999750 0.000000
868.999250 536.999750 0.000000
837.999750 538.000750 0.000000
1507.000250 538.000750 0.000000
679.999250 539.000000 0.000000
952.000000 539.000000 0.000000
1015.999250 539.999250 0.000000
1054.999750 539.999250 0.000000
541.999500 541.000250 0.000000
606.999750 541.000250 0.000000
709.000250 541.000250 0.000000
907.000500 541.000250 0.000000
1085.999250 541.000250 0.000000
1134.000000 541.000250 0.000000
1190.000000 541.000250 0.000000
1344.000000 541.000250 0.000000
1388.999500 541.000250 0.000000
1463.999250 541.000250 0.000000
1481.000500 541.000250 0.000000
228.000500 541.999500 0.000000
1159.999750 541.999500 0.000000
205.000250 543.000500 0.000000
1227.000250 543.000500 0.000000
1267.000000 543.000500 0.000000
1432.000500 543.000500 0.000000
170.999500 543.999750 0.000000
189.999250 543.999750 0.000000
506.999500 543.999750 0.000000
576.000250 543.999750 0.000000
644.999250 543.999750 0.000000
140.000000 545.000750 0.000000
480.000500 545.000750 0.000000
1311.999500 546.000000 0.000000
389.999750 546.999250 0.000000
415.999500 546.999250 0.000000
445.000500 546.999250 0.000000
359.999500 550.999750 0.000000
266.999250 552.000750 0.000000
296.999500 552.000750 0.000000
329.000000 552.000750 0.000000
1561.999250 559.000750 0.000000
1577.999500 560.000000 0.000000
1267.999250 576.999500 0.000000
1414.999250 578.000500 0.000000
1337.999250 578.999750 0.000000
1374.999500 578.999750 0.000000
1444.999500 578.999750 0.000000
1505.999250 578.999750 0.000000
1208.000500 580.000750 0.000000
1474.000500 580.000750 0.000000
751.999500 581.000000 0.000000
944.000750 581.000000 0.000000
1458.999500 581.000000 0.000000
784.999250 581.999250 0.000000
681.999500 583.000250 0.000000
1012.000500 583.000250 0.000000
1057.999250 583.000250 0.000000
1176.999250 583.000250 0.000000
1236.000500 583.000250 0.000000
1297.000250 583.000250 0.000000
599.000500 583.999500 0.000000
623.999250 583.999500 0.000000
853.000750 583.999500 0.000000
583.999500 585.000500 0.000000
655.000500 585.000500 0.000000
1087.000250 585.000500 0.000000
1141.999250 585.000500 0.000000
716.000250 585.999750 0.000000
903.999250 585.999750 0.000000
1115.000250 585.999750 0.000000
520.000250 587.000750 0.000000
819.999250 587.000750 0.000000
552.000750 588.000000 0.000000
441.000000 590.000250 0.000000
469.000000 590.000250 0.000000
497.999250 590.000250 0.000000
408.999500 592.999750 0.000000
343.000000 597.000250 0.000000
307.000750 597.999500 0.000000
373.000250 597.999500 0.000000
282.999500 601.000750 0.000000
1518.000750 615.000750 0.000000
982.000250 620.000500 0.000000
1008.000000 620.000500 0.000000
1085.999250 620.999750 0.000000
944.000750 622.000750 0.000000
1050.999250 622.000750 0.000000
1334.000500 622.000750 0.000000
1432.999750 622.000750 0.000000
1491.000000 622.000750 0.000000
1404.999750 623.000000 0.000000
1458.000250 623.000000 0.000000
692.000750 623.999250 0.000000
1138.000500 623.999250 0.000000
1241.000250 623.999250 0.000000
1267.999250 623.999250 0.000000
1299.999750 623.999250 0.000000
1372.000000 623.999250 0.000000
669.000500 625.000250 0.000000
921.999750 625.000250 0.000000
634.000500 625.999500 0.000000
727.000750 625.999500 0.000000
758.999500 625.999500 0.000000
790.000750 625.999500 0.000000
823.000500 625.999500 0.000000
854.000000 625.999500 0.000000
889.999250 625.999500 0.000000
1175.000750 625.999500 0.000000
1208.999750 625.999500 0.000000
518.000000 627.000500 0.000000
578.000500 627.000500 0.000000
485.999500 627.999750 0.000000
555.000250 629.000750 0.000000
604.999500 629.000750 0.000000
455.000000 630.999250 0.000000
277.000500 632.000250 0.000000
422.000250 632.000250 0.000000
308.000000 634.999750 0.000000
336.000000 637.000000 0.000000
375.999750 639.000250 0.000000
898.000250 662.000500 0.000000
984.999750 662.000500 0.000000
919.999500 662.999750 0.000000
956.000500 662.999750 0.000000
1007.000750 664.000750 0.000000
1288.999250 664.000750 0.000000
1031.000250 665.000000 0.000000
1423.999500 665.000000 0.000000
840.000000 665.999250 0.000000
872.999750 665.999250 0.000000
1232.999250 665.999250 0.000000
1318.999500 665.999250 0.000000
1374.000250 665.999250 0.000000
1495.999750 665.999250 0.000000
723.999500 667.000250 0.000000
749.999250 667.000250 0.000000
770.999250 667.000250 0.000000
788.000500 667.000250 0.000000
1068.000500 667.000250 0.000000
1120.000000 667.000250 0.000000
1194.999750 667.000250 0.000000
1346.000250 667.000250 0.000000
1400.000000 667.000250 0.000000
1463.999250 667.000250 0.000000
695.999500 667.999500 0.000000
1094.999500 667.999500 0.000000
1131.999750 667.999500 0.000000
1164.999500 667.999500 0.000000
1262.999500 667.999500 0.000000
669.000500 669.000500 0.000000
623.999250 669.999750 0.000000
812.000000 669.999750 0.000000
646.000250 671.000750 0.000000
977.000500 699.000750 0.000000
727.000750 700.000000 0.000000
944.000750 700.000000 0.000000
753.000500 700.999250 0.000000
830.000500 700.999250 0.000000
1005.000500 700.999250 0.000000
1166.000500 700.999250 0.000000
791.000000 702.000250 0.000000
917.000000 702.000250 0.000000
1031.000250 702.000250 0.000000
1103.999750 702.000250 0.000000
1192.000250 702.000250 0.000000
1316.000000 702.000250 0.000000
889.999250 702.999500 0.000000
1136.000250 702.999500 0.000000
860.000750 704.000500 0.000000
1068.999750 704.000500 0.000000
1220.000250 704.000500 0.000000
1276.999500 704.000500 0.000000
1248.999500 706.000750 0.000000
774.000500 732.000500 0.000000
959.999250 732.000500 0.000000
1059.999500 732.000500 0.000000
648.000500 732.999750 0.000000
660.000250 732.999750 0.000000
674.000250 732.999750 0.000000
697.999750 732.999750 0.000000
723.000250 732.999750 0.000000
732.999750 732.999750 0.000000
751.000250 732.999750 0.000000
793.999500 732.999750 0.000000
821.000250 732.999750 0.000000
849.999500 732.999750 0.000000
882.000000 732.999750 0.000000
917.000000 732.999750 0.000000
928.000500 732.999750 0.000000
977.999750 732.999750 0.000000
1017.000250 732.999750 0.000000
1036.999250 732.999750 0.000000
1085.999250 732.999750 0.000000
870.999500 734.000750 0.000000
1699.285714 500.000000 0.000000
1589.285714 562.142857 0.000000
1601.428571 564.285714 0.000000
1601.428571 564.285714 0.000000
1625.000000 563.571429 0.000000
1625.000000 563.571429 0.000000
1607.857143 302.857143 0.000000
1635.000000 300.714286 0.000000
1577.142857 332.142857 0.000000
1585.714286 301.428571 0.000000
837.857143 213.236607 0.000000
1048.571429 308.950893 0.000000
1069.285714 311.093750 0.000000
1115.714286 391.093750 0.000000
1185.000000 385.379464 0.000000
1207.142857 389.665179 0.000000
560.000000 399.453125 0.000000
582.857143 395.167411 0.000000
593.571429 395.167411 0.000000
1100.714286 733.928571 0.000000
1342.142857 700.000000 0.000000
559.285714 419.609375 0.000000
