0.715429 0.024000 0.000000
0.706857 0.024571 0.000000
0.698286 0.025143 0.000000
0.729143 0.025143 0.000000
0.664571 0.025714 0.000000
0.610857 0.026286 0.000000
0.626286 0.026286 0.000000
0.647429 0.026286 0.000000
0.681143 0.026286 0.000000
0.740571 0.026286 0.000000
0.596000 0.028000 0.000000
0.403429 0.028571 0.000000
0.414857 0.028571 0.000000
0.458286 0.028571 0.000000
0.504571 0.028571 0.000000
0.561143 0.028571 0.000000
0.423429 0.029143 0.000000
0.438857 0.029143 0.000000
0.450286 0.029143 0.000000
0.470286 0.029143 0.000000
0.485143 0.029143 0.000000
0.525714 0.029143 0.000000
0.545143 0.029143 0.000000
0.388000 0.029714 0.000000
0.430286 0.029714 0.000000
0.575429 0.030286 0.000000
0.360000 0.030857 0.000000
0.374286 0.031429 0.000000
0.334857 0.032571 0.000000
0.292571 0.033143 0.000000
0.321714 0.033143 0.000000
0.346857 0.033143 0.000000
0.302286 0.033714 0.000000
0.277714 0.034857 0.000000
0.258857 0.036000 0.000000
0.231429 0.036571 0.000000
0.244571 0.036571 0.000000
0.213143 0.038286 0.000000
0.154857 0.039429 0.000000
0.190286 0.039429 0.000000
0.173714 0.040000 0.000000
0.199429 0.040571 0.000000
0.874286 0.041714 0.000000
0.889714 0.041714 0.000000
0.903429 0.041714 0.000000
0.933714 0.042286 0.000000
0.920000 0.042857 0.000000
0.840571 0.044571 0.000000
0.857714 0.044571 0.000000
0.826857 0.045143 0.000000
0.950286 0.045714 0.000000
0.799429 0.046286 0.000000
0.812571 0.046857 0.000000
0.609714 0.047429 0.000000
0.661143 0.047429 0.000000
0.680571 0.047429 0.000000
0.590286 0.048000 0.000000
0.736571 0.048000 0.000000
0.490286 0.048571 0.000000
0.697143 0.048571 0.000000
0.712571 0.048571 0.000000
0.724000 0.048571 0.000000
0.752000 0.048571 0.000000
0.770286 0.048571 0.000000
0.786286 0.048571 0.000000
0.575429 0.049143 0.000000
0.628571 0.049143 0.000000
0.645143 0.049143 0.000000
0.433143 0.049714 0.000000
0.450857 0.049714 0.000000
0.470286 0.049714 0.000000
0.527429 0.049714 0.000000
0.545714 0.049714 0.000000
0.562857 0.049714 0.000000
0.510286 0.050286 0.000000
0.338857 0.056000 0.000000
0.355429 0.056000 0.000000
0.372000 0.056000 0.000000
0.392571 0.056000 0.000000
0.322857 0.057714 0.000000
0.275429 0.058857 0.000000
0.304571 0.059429 0.000000
0.290286 0.061143 0.000000
0.485143 0.064571 0.000000
0.545143 0.064571 0.000000
0.690857 0.064571 0.000000
0.719429 0.064571 0.000000
0.673143 0.065143 0.000000
0.701714 0.065143 0.000000
0.708571 0.065143 0.000000
0.733143 0.065143 0.000000
0.501143 0.065714 0.000000
0.514286 0.065714 0.000000
0.529143 0.065714 0.000000
0.562286 0.065714 0.000000
0.590286 0.065714 0.000000
0.604571 0.065714 0.000000
0.623429 0.065714 0.000000
0.657143 0.065714 0.000000
0.576000 0.066286 0.000000
0.640000 0.066857 0.000000
0.758286 0.074857 0.000000
0.070857 0.078857 0.000000
0.088571 0.079429 0.000000
0.106857 0.079429 0.000000
0.124000 0.080000 0.000000
0.053714 0.080571 0.000000
0.037714 0.081143 0.000000
0.022286 0.082857 0.000000
0.432571 0.084571 0.000000
0.449143 0.086286 0.000000
0.676571 0.086857 0.000000
0.421714 0.087429 0.000000
0.526286 0.087429 0.000000
0.316000 0.088000 0.000000
0.501143 0.088000 0.000000
0.784000 0.088000 0.000000
0.804571 0.088000 0.000000
0.332000 0.088571 0.000000
0.384000 0.088571 0.000000
0.820000 0.088571 0.000000
0.366857 0.089143 0.000000
0.465714 0.089143 0.000000
0.656000 0.089143 0.000000
0.698286 0.089143 0.000000
0.839429 0.089143 0.000000
0.306286 0.089714 0.000000
0.350857 0.089714 0.000000
0.404571 0.089714 0.000000
0.484000 0.089714 0.000000
0.639429 0.089714 0.000000
0.717714 0.089714 0.000000
0.153143 0.090286 0.000000
0.294857 0.090286 0.000000
0.749714 0.090286 0.000000
0.552000 0.090857 0.000000
0.570857 0.090857 0.000000
0.588571 0.090857 0.000000
0.613143 0.090857 0.000000
0.276571 0.091429 0.000000
0.767429 0.091429 0.000000
0.733714 0.092000 0.000000
0.867429 0.092000 0.000000
0.174857 0.092571 0.000000
0.240000 0.093143 0.000000
0.093714 0.094286 0.000000
0.032000 0.096000 0.000000
0.059429 0.096000 0.000000
0.195429 0.096000 0.000000
0.024571 0.096571 0.000000
0.074286 0.096571 0.000000
0.045143 0.097143 0.000000
0.109714 0.097143 0.000000
0.213714 0.098286 0.000000
0.958857 0.106286 0.000000
0.973143 0.106857 0.000000
0.873714 0.107429 0.000000
0.925143 0.108000 0.000000
0.937714 0.108000 0.000000
0.910286 0.108571 0.000000
0.892000 0.109143 0.000000
0.988000 0.109143 0.000000
0.628571 0.110286 0.000000
0.466857 0.110857 0.000000
0.418857 0.111429 0.000000
0.442857 0.111429 0.000000
0.482857 0.111429 0.000000
0.538286 0.111429 0.000000
0.861143 0.111429 0.000000
0.608571 0.112000 0.000000
0.502857 0.112571 0.000000
0.526286 0.112571 0.000000
0.555429 0.112571 0.000000
0.653143 0.112571 0.000000
0.689143 0.112571 0.000000
0.775429 0.112571 0.000000
0.570286 0.113143 0.000000
0.587429 0.113143 0.000000
0.794286 0.113143 0.000000
0.368571 0.113714 0.000000
0.396000 0.113714 0.000000
0.670857 0.113714 0.000000
0.719429 0.113714 0.000000
0.809714 0.114286 0.000000
0.824000 0.114286 0.000000
0.706286 0.114857 0.000000
0.844000 0.114857 0.000000
0.358286 0.115429 0.000000
0.737714 0.116000 0.000000
0.754857 0.116000 0.000000
0.305714 0.116571 0.000000
0.320571 0.116571 0.000000
0.330857 0.116571 0.000000
0.278857 0.118286 0.000000
0.290286 0.118286 0.000000
0.261714 0.118857 0.000000
0.153143 0.119429 0.000000
0.172000 0.119429 0.000000
0.195429 0.121143 0.000000
0.241714 0.122286 0.000000
0.222286 0.123429 0.000000
0.460571 0.123429 0.000000
0.472571 0.123429 0.000000
0.128000 0.128000 0.000000
0.954857 0.130286 0.000000
0.109143 0.131429 0.000000
0.970286 0.132000 0.000000
0.921714 0.132571 0.000000
0.094857 0.133143 0.000000
0.938857 0.133143 0.000000
0.057143 0.133714 0.000000
0.070286 0.133714 0.000000
0.882857 0.133714 0.000000
0.902857 0.133714 0.000000
0.980000 0.133714 0.000000
0.082286 0.134286 0.000000
0.624571 0.134857 0.000000
0.642857 0.134857 0.000000
0.040000 0.135429 0.000000
0.570857 0.135429 0.000000
0.025143 0.136000 0.000000
0.505714 0.136000 0.000000
0.550286 0.136000 0.000000
0.607429 0.136000 0.000000
0.361143 0.136571 0.000000
0.670857 0.136571 0.000000
0.692000 0.136571 0.000000
0.708571 0.136571 0.000000
0.416571 0.137143 0.000000
0.485143 0.137143 0.000000
0.527429 0.137143 0.000000
0.587429 0.137143 0.000000
0.786286 0.137143 0.000000
0.396000 0.137714 0.000000
0.441714 0.137714 0.000000
0.350857 0.138286 0.000000
0.463429 0.138286 0.000000
0.725143 0.138286 0.000000
0.767429 0.138286 0.000000
0.854857 0.138286 0.000000
0.333714 0.138857 0.000000
0.750857 0.138857 0.000000
0.808571 0.138857 0.000000
0.829714 0.140000 0.000000
0.317143 0.141143 0.000000
0.243429 0.141714 0.000000
0.283429 0.142286 0.000000
0.301143 0.142286 0.000000
0.264571 0.143429 0.000000
0.168571 0.144571 0.000000
0.214286 0.144571 0.000000
0.221143 0.145714 0.000000
0.153143 0.146286 0.000000
0.185143 0.146857 0.000000
0.969714 0.152000 0.000000
0.981143 0.152571 0.000000
0.072000 0.153143 0.000000
0.086857 0.153143 0.000000
0.884000 0.153143 0.000000
0.920000 0.153714 0.000000
0.100000 0.154286 0.000000
0.945143 0.154286 0.000000
0.956571 0.154286 0.000000
0.934286 0.154857 0.000000
0.904571 0.156571 0.000000
0.540571 0.160000 0.000000
0.434286 0.160571 0.000000
0.516000 0.160571 0.000000
0.621714 0.160571 0.000000
0.642857 0.160571 0.000000
0.664571 0.161143 0.000000
0.564571 0.161714 0.000000
0.356571 0.162286 0.000000
0.416000 0.162286 0.000000
0.466857 0.162286 0.000000
0.493714 0.162286 0.000000
0.858857 0.162286 0.000000
0.396571 0.162857 0.000000
0.602286 0.162857 0.000000
0.681143 0.162857 0.000000
0.702286 0.162857 0.000000
0.585143 0.163429 0.000000
0.721714 0.163429 0.000000
0.377143 0.164000 0.000000
0.738857 0.164000 0.000000
0.312000 0.164571 0.000000
0.760000 0.165143 0.000000
0.802286 0.165143 0.000000
0.823429 0.165143 0.000000
0.333714 0.165714 0.000000
0.781143 0.165714 0.000000
0.840000 0.165714 0.000000
0.294286 0.166286 0.000000
0.139429 0.166857 0.000000
0.049714 0.168000 0.000000
0.122857 0.168000 0.000000
0.110286 0.168571 0.000000
0.132000 0.168571 0.000000
0.266857 0.169143 0.000000
0.097143 0.169714 0.000000
0.250286 0.169714 0.000000
0.066286 0.170286 0.000000
0.236000 0.170286 0.000000
0.080571 0.170857 0.000000
0.088571 0.170857 0.000000
0.893143 0.171429 0.000000
0.032000 0.172000 0.000000
0.152000 0.172000 0.000000
0.201714 0.172571 0.000000
0.184000 0.173143 0.000000
0.220000 0.173143 0.000000
0.166286 0.173714 0.000000
0.529714 0.184571 0.000000
0.956000 0.185143 0.000000
0.553714 0.185714 0.000000
0.944000 0.185714 0.000000
0.649143 0.186286 0.000000
0.400571 0.186857 0.000000
0.413714 0.186857 0.000000
0.473714 0.186857 0.000000
0.500000 0.186857 0.000000
0.669143 0.186857 0.000000
0.930286 0.186857 0.000000
0.690857 0.187429 0.000000
0.109714 0.188000 0.000000
0.362286 0.188000 0.000000
0.380571 0.188000 0.000000
0.453143 0.188000 0.000000
0.842286 0.188000 0.000000
0.913143 0.188000 0.000000
0.098857 0.188571 0.000000
0.122857 0.188571 0.000000
0.325143 0.188571 0.000000
0.632000 0.188571 0.000000
0.730857 0.188571 0.000000
0.063429 0.189143 0.000000
0.429143 0.189143 0.000000
0.709143 0.189143 0.000000
0.799429 0.189143 0.000000
0.816000 0.189143 0.000000
0.890286 0.189143 0.000000
0.080000 0.189714 0.000000
0.342857 0.189714 0.000000
0.782286 0.189714 0.000000
0.045143 0.190286 0.000000
0.587429 0.190286 0.000000
0.608571 0.190286 0.000000
0.748571 0.190286 0.000000
0.862857 0.190286 0.000000
0.027429 0.190857 0.000000
0.765714 0.190857 0.000000
0.297714 0.191429 0.000000
0.250857 0.195429 0.000000
0.270286 0.195429 0.000000
0.212571 0.196000 0.000000
0.235429 0.196000 0.000000
0.183429 0.196571 0.000000
0.154857 0.197143 0.000000
0.938857 0.203429 0.000000
0.922857 0.204571 0.000000
0.885714 0.205143 0.000000
0.904571 0.205143 0.000000
0.120571 0.205714 0.000000
0.954857 0.206286 0.000000
0.074857 0.206857 0.000000
0.086857 0.206857 0.000000
0.977143 0.206857 0.000000
0.045143 0.207429 0.000000
0.103429 0.207429 0.000000
0.027429 0.208571 0.000000
0.062857 0.209143 0.000000
0.388000 0.210286 0.000000
0.404000 0.210286 0.000000
0.571429 0.210286 0.000000
0.494286 0.210857 0.000000
0.585714 0.210857 0.000000
0.633714 0.210857 0.000000
0.688000 0.210857 0.000000
0.623429 0.211429 0.000000
0.830286 0.211429 0.000000
0.419429 0.212000 0.000000
0.453143 0.212000 0.000000
0.470857 0.212000 0.000000
0.552571 0.212000 0.000000
0.779429 0.212000 0.000000
0.797714 0.212000 0.000000
0.821714 0.212000 0.000000
0.838857 0.212000 0.000000
0.847429 0.212000 0.000000
0.343429 0.212571 0.000000
0.534286 0.212571 0.000000
0.665143 0.212571 0.000000
0.727429 0.212571 0.000000
0.807429 0.212571 0.000000
0.434286 0.213143 0.000000
0.516571 0.213143 0.000000
0.707429 0.213143 0.000000
0.748000 0.213143 0.000000
0.813714 0.213143 0.000000
0.863429 0.213143 0.000000
0.310286 0.213714 0.000000
0.762286 0.213714 0.000000
0.365714 0.214286 0.000000
0.326857 0.215429 0.000000
0.267429 0.217143 0.000000
0.288000 0.217143 0.000000
0.175429 0.217714 0.000000
0.212571 0.217714 0.000000
0.155429 0.218286 0.000000
0.192000 0.218286 0.000000
0.977714 0.218286 0.000000
0.238857 0.219429 0.000000
0.905143 0.221143 0.000000
0.885714 0.222857 0.000000
0.938286 0.222857 0.000000
0.954857 0.222857 0.000000
0.132571 0.223429 0.000000
0.925143 0.223429 0.000000
0.100571 0.225143 0.000000
0.029143 0.225714 0.000000
0.046857 0.225714 0.000000
0.114286 0.225714 0.000000
0.084571 0.226286 0.000000
0.066286 0.226857 0.000000
0.650857 0.232000 0.000000
0.581143 0.233143 0.000000
0.620571 0.233714 0.000000
0.669143 0.233714 0.000000
0.688000 0.233714 0.000000
0.563429 0.234286 0.000000
0.706857 0.234286 0.000000
0.765714 0.234857 0.000000
0.552571 0.235429 0.000000
0.730286 0.235429 0.000000
0.819429 0.235429 0.000000
0.352571 0.236000 0.000000
0.604000 0.236000 0.000000
0.834286 0.236000 0.000000
0.859429 0.236000 0.000000
0.384000 0.236571 0.000000
0.542286 0.236571 0.000000
0.746286 0.236571 0.000000
0.792571 0.236571 0.000000
0.945714 0.236571 0.000000
0.366286 0.237143 0.000000
0.464000 0.237143 0.000000
0.484571 0.237143 0.000000
0.500571 0.237143 0.000000
0.509714 0.237143 0.000000
0.805714 0.237143 0.000000
0.406286 0.237714 0.000000
0.525143 0.237714 0.000000
0.532000 0.237714 0.000000
0.928571 0.237714 0.000000
0.428571 0.238286 0.000000
0.444000 0.238857 0.000000
0.911429 0.238857 0.000000
0.898857 0.239429 0.000000
0.334286 0.240000 0.000000
0.885143 0.240000 0.000000
0.103429 0.240571 0.000000
0.266286 0.241143 0.000000
0.285714 0.241714 0.000000
0.087429 0.242286 0.000000
0.072000 0.242857 0.000000
0.201143 0.242857 0.000000
0.228000 0.242857 0.000000
0.240000 0.242857 0.000000
0.254286 0.242857 0.000000
0.299429 0.244000 0.000000
0.157714 0.244571 0.000000
0.182857 0.244571 0.000000
0.057143 0.245143 0.000000
0.025714 0.245714 0.000000
0.042286 0.245714 0.000000
0.956000 0.252571 0.000000
0.974286 0.252571 0.000000
0.938286 0.254857 0.000000
0.883429 0.255429 0.000000
0.922286 0.256000 0.000000
0.851429 0.256571 0.000000
0.128000 0.257143 0.000000
0.901143 0.257143 0.000000
0.108000 0.258286 0.000000
0.552571 0.258286 0.000000
0.088000 0.258857 0.000000
0.509143 0.258857 0.000000
0.564571 0.258857 0.000000
0.467429 0.259429 0.000000
0.484571 0.259429 0.000000
0.529714 0.259429 0.000000
0.836000 0.259429 0.000000
0.574286 0.260000 0.000000
0.707429 0.260000 0.000000
0.365714 0.260571 0.000000
0.442857 0.260571 0.000000
0.384571 0.261143 0.000000
0.592571 0.261143 0.000000
0.689143 0.261143 0.000000
0.063429 0.261714 0.000000
0.342286 0.261714 0.000000
0.626857 0.261714 0.000000
0.666857 0.261714 0.000000
0.749143 0.261714 0.000000
0.770857 0.261714 0.000000
0.820571 0.261714 0.000000
0.297714 0.262286 0.000000
0.333143 0.262286 0.000000
0.420571 0.262286 0.000000
0.797714 0.262286 0.000000
0.258857 0.262857 0.000000
0.405143 0.262857 0.000000
0.609714 0.262857 0.000000
0.042286 0.263429 0.000000
0.224571 0.263429 0.000000
0.646857 0.263429 0.000000
0.027429 0.264000 0.000000
0.202857 0.264000 0.000000
0.277714 0.264000 0.000000
0.242286 0.265143 0.000000
0.179429 0.266286 0.000000
0.164000 0.266857 0.000000
0.150286 0.268000 0.000000
0.962857 0.272571 0.000000
0.984000 0.272571 0.000000
0.132000 0.273143 0.000000
0.942857 0.273714 0.000000
0.975429 0.273714 0.000000
0.882286 0.274286 0.000000
0.912571 0.274286 0.000000
0.924000 0.274286 0.000000
0.116571 0.274857 0.000000
0.898857 0.275429 0.000000
0.103429 0.277714 0.000000
0.089714 0.278286 0.000000
0.076571 0.278857 0.000000
0.061143 0.280000 0.000000
0.045714 0.281714 0.000000
0.839429 0.282286 0.000000
0.028571 0.282857 0.000000
0.340571 0.282857 0.000000
0.505714 0.282857 0.000000
0.858857 0.282857 0.000000
0.370286 0.284571 0.000000
0.525143 0.284571 0.000000
0.818857 0.285143 0.000000
0.317714 0.285714 0.000000
0.492571 0.285714 0.000000
0.558857 0.285714 0.000000
0.690286 0.285714 0.000000
0.985143 0.285714 0.000000
0.400571 0.286286 0.000000
0.462857 0.286286 0.000000
0.542286 0.286286 0.000000
0.730286 0.286286 0.000000
0.800000 0.286286 0.000000
0.287429 0.286857 0.000000
0.580000 0.286857 0.000000
0.601143 0.286857 0.000000
0.638286 0.286857 0.000000
0.673143 0.286857 0.000000
0.707429 0.286857 0.000000
0.749143 0.287429 0.000000
0.780000 0.287429 0.000000
0.304000 0.288000 0.000000
0.620571 0.288000 0.000000
0.654857 0.288000 0.000000
0.252571 0.288571 0.000000
0.268571 0.290286 0.000000
0.433143 0.290286 0.000000
0.195429 0.291429 0.000000
0.236000 0.292000 0.000000
0.213714 0.292571 0.000000
0.172571 0.293714 0.000000
0.134857 0.294286 0.000000
0.101714 0.294857 0.000000
0.124571 0.295429 0.000000
0.152000 0.295429 0.000000
0.083429 0.296000 0.000000
0.034857 0.298286 0.000000
0.050857 0.298857 0.000000
0.023429 0.300571 0.000000
0.948571 0.301714 0.000000
0.932000 0.302857 0.000000
0.963429 0.302857 0.000000
0.900000 0.303429 0.000000
0.916571 0.303429 0.000000
0.885714 0.304000 0.000000
0.443429 0.304571 0.000000
0.909143 0.305143 0.000000
0.425143 0.306857 0.000000
0.496571 0.306857 0.000000
0.478857 0.307429 0.000000
0.861143 0.307429 0.000000
0.388571 0.308000 0.000000
0.544000 0.308000 0.000000
0.580571 0.308571 0.000000
0.602857 0.308571 0.000000
0.309714 0.309143 0.000000
0.346857 0.309143 0.000000
0.405143 0.309143 0.000000
0.518286 0.309143 0.000000
0.620571 0.309143 0.000000
0.648000 0.309143 0.000000
0.680000 0.309143 0.000000
0.768000 0.309143 0.000000
0.793714 0.309143 0.000000
0.836571 0.309143 0.000000
0.846286 0.309143 0.000000
0.130286 0.309714 0.000000
0.662857 0.309714 0.000000
0.117143 0.310286 0.000000
0.701143 0.310286 0.000000
0.724000 0.310286 0.000000
0.818286 0.310286 0.000000
0.097714 0.310857 0.000000
0.108571 0.310857 0.000000
0.289714 0.310857 0.000000
0.329143 0.310857 0.000000
0.368571 0.310857 0.000000
0.080000 0.311429 0.000000
0.274286 0.311429 0.000000
0.749714 0.312000 0.000000
0.222857 0.312571 0.000000
0.237714 0.312571 0.000000
0.254286 0.312571 0.000000
0.205714 0.314857 0.000000
0.152571 0.315429 0.000000
0.169714 0.315429 0.000000
0.188000 0.315429 0.000000
0.892571 0.319429 0.000000
0.901714 0.320000 0.000000
0.724571 0.329714 0.000000
0.808571 0.330286 0.000000
0.764571 0.330857 0.000000
0.785714 0.330857 0.000000
0.825714 0.330857 0.000000
0.860571 0.330857 0.000000
0.690286 0.331429 0.000000
0.842286 0.331429 0.000000
0.429714 0.332000 0.000000
0.539429 0.332000 0.000000
0.833714 0.332000 0.000000
0.448571 0.332571 0.000000
0.389714 0.333143 0.000000
0.578286 0.333143 0.000000
0.604571 0.333143 0.000000
0.672571 0.333143 0.000000
0.706286 0.333143 0.000000
0.741143 0.333143 0.000000
0.342286 0.333714 0.000000
0.356571 0.333714 0.000000
0.487429 0.333714 0.000000
0.333714 0.334286 0.000000
0.374286 0.334286 0.000000
0.621143 0.334286 0.000000
0.652571 0.334286 0.000000
0.409143 0.334857 0.000000
0.516571 0.334857 0.000000
0.637143 0.334857 0.000000
0.297143 0.335429 0.000000
0.468571 0.335429 0.000000
0.315429 0.336000 0.000000
0.252000 0.337143 0.000000
0.268000 0.337143 0.000000
0.284571 0.337143 0.000000
0.233714 0.338857 0.000000
0.196000 0.341143 0.000000
0.175429 0.341714 0.000000
0.213143 0.341714 0.000000
0.161714 0.343429 0.000000
0.867429 0.351429 0.000000
0.561143 0.354286 0.000000
0.576000 0.354286 0.000000
0.620571 0.354857 0.000000
0.539429 0.355429 0.000000
0.600571 0.355429 0.000000
0.762286 0.355429 0.000000
0.818857 0.355429 0.000000
0.852000 0.355429 0.000000
0.802857 0.356000 0.000000
0.833143 0.356000 0.000000
0.395429 0.356571 0.000000
0.650286 0.356571 0.000000
0.709143 0.356571 0.000000
0.724571 0.356571 0.000000
0.742857 0.356571 0.000000
0.784000 0.356571 0.000000
0.382286 0.357143 0.000000
0.526857 0.357143 0.000000
0.362286 0.357714 0.000000
0.415429 0.357714 0.000000
0.433714 0.357714 0.000000
0.451429 0.357714 0.000000
0.470286 0.357714 0.000000
0.488000 0.357714 0.000000
0.508571 0.357714 0.000000
0.671429 0.357714 0.000000
0.690857 0.357714 0.000000
0.296000 0.358286 0.000000
0.330286 0.358286 0.000000
0.277714 0.358857 0.000000
0.317143 0.359429 0.000000
0.345714 0.359429 0.000000
0.260000 0.360571 0.000000
0.158286 0.361143 0.000000
0.241143 0.361143 0.000000
0.176000 0.362857 0.000000
0.192000 0.364000 0.000000
0.214857 0.365143 0.000000
0.513143 0.378286 0.000000
0.562857 0.378286 0.000000
0.525714 0.378857 0.000000
0.546286 0.378857 0.000000
0.575429 0.379429 0.000000
0.736571 0.379429 0.000000
0.589143 0.380000 0.000000
0.813714 0.380000 0.000000
0.480000 0.380571 0.000000
0.498857 0.380571 0.000000
0.704571 0.380571 0.000000
0.753714 0.380571 0.000000
0.785143 0.380571 0.000000
0.854857 0.380571 0.000000
0.413714 0.381143 0.000000
0.428571 0.381143 0.000000
0.440571 0.381143 0.000000
0.450286 0.381143 0.000000
0.610286 0.381143 0.000000
0.640000 0.381143 0.000000
0.682857 0.381143 0.000000
0.769143 0.381143 0.000000
0.800000 0.381143 0.000000
0.836571 0.381143 0.000000
0.397714 0.381714 0.000000
0.625714 0.381714 0.000000
0.646857 0.381714 0.000000
0.665714 0.381714 0.000000
0.721714 0.381714 0.000000
0.382286 0.382286 0.000000
0.356571 0.382857 0.000000
0.464000 0.382857 0.000000
0.369143 0.383429 0.000000
0.558286 0.399429 0.000000
0.415429 0.400000 0.000000
0.539429 0.400000 0.000000
0.430286 0.400571 0.000000
0.474286 0.400571 0.000000
0.574286 0.400571 0.000000
0.666286 0.400571 0.000000
0.452000 0.401143 0.000000
0.524000 0.401143 0.000000
0.589143 0.401143 0.000000
0.630857 0.401143 0.000000
0.681143 0.401143 0.000000
0.752000 0.401143 0.000000
0.508571 0.401714 0.000000
0.649143 0.401714 0.000000
0.491429 0.402286 0.000000
0.610857 0.402286 0.000000
0.697143 0.402286 0.000000
0.729714 0.402286 0.000000
0.713714 0.403429 0.000000
0.442286 0.418286 0.000000
0.548571 0.418286 0.000000
0.605714 0.418286 0.000000
0.370286 0.418857 0.000000
0.377143 0.418857 0.000000
0.385143 0.418857 0.000000
0.398857 0.418857 0.000000
0.413143 0.418857 0.000000
0.418857 0.418857 0.000000
0.429143 0.418857 0.000000
0.453714 0.418857 0.000000
0.469143 0.418857 0.000000
0.485714 0.418857 0.000000
0.504000 0.418857 0.000000
0.524000 0.418857 0.000000
0.530286 0.418857 0.000000
0.558857 0.418857 0.000000
0.581143 0.418857 0.000000
0.592571 0.418857 0.000000
0.620571 0.418857 0.000000
0.497714 0.419429 0.000000
0.971020 0.285714 0.000000
0.908163 0.321224 0.000000
0.915102 0.322449 0.000000
0.915102 0.322449 0.000000
0.928571 0.322041 0.000000
0.928571 0.322041 0.000000
0.918776 0.173061 0.000000
0.934286 0.171837 0.000000
0.901224 0.189796 0.000000
0.906122 0.172245 0.000000
0.478776 0.121849 0.000000
0.599184 0.176543 0.000000
0.611020 0.177768 0.000000
0.637551 0.223482 0.000000
0.677143 0.220217 0.000000
0.689796 0.222666 0.000000
0.320000 0.228259 0.000000
0.333061 0.225810 0.000000
0.339184 0.225810 0.000000
0.628980 0.419388 0.000000
0.766939 0.400000 0.000000
0.319592 0.239777 0.000000
