0
0
0
0
0
0
0
0
0
0
0
0
0
0
0
0
0
0
0
0
0
0
0
0
0
0
0
0
0
0
0
0
0
0
0
0
0
0
0
0
0
0
1
1
1
1
1
1
1
1
1
1
1
1
1
1
1
1
1
1
1
1
1
1
1
1
1
1
1
1
1
1
1
1
1
2
2
2
2
2
2
2
2
3
3
3
3
3
3
3
3
3
3
3
3
3
3
3
3
3
3
4
5
5
5
5
5
5
5
6
6
6
6
6
6
6
6
6
6
6
6
6
6
6
6
6
6
6
6
6
6
6
6
6
6
6
6
6
6
6
6
6
6
6
6
7
7
7
6
7
7
7
7
6
8
8
9
8
8
8
8
8
9
9
9
9
9
9
9
9
9
9
9
9
9
9
9
9
9
9
9
9
9
9
9
9
9
9
9
9
9
9
9
9
9
9
9
9
9
9
9
10
10
11
12
11
12
12
11
12
11
11
12
12
12
11
13
13
11
13
11
13
13
13
13
13
13
13
13
13
13
13
13
13
13
13
13
13
13
13
13
13
13
13
13
13
13
13
13
13
13
13
13
13
14
14
15
15
14
14
15
14
14
14
14
16
16
16
16
16
16
16
16
16
16
16
16
16
16
16
16
16
16
16
16
16
16
16
16
16
16
16
16
17
17
17
17
17
16
17
16
17
16
17
17
18
17
16
16
16
16
16
19
20
19
20
19
19
19
19
19
19
20
19
21
19
19
19
19
20
21
21
19
19
19
21
19
19
19
19
20
21
19
19
21
19
19
19
19
21
19
19
19
19
19
19
19
19
22
22
22
22
23
22
23
23
22
23
23
23
23
24
24
24
24
24
24
24
24
24
24
24
24
24
24
24
24
24
24
24
24
24
24
24
24
24
24
24
24
24
24
24
24
24
24
24
24
24
24
24
25
24
25
25
25
25
26
25
26
26
26
26
26
26
27
27
27
27
27
27
27
27
27
27
27
27
27
27
27
27
27
27
27
28
27
27
27
27
27
27
27
27
27
28
27
27
28
28
27
28
29
27
27
29
29
27
27
27
27
27
27
27
29
29
29
30
30
30
30
30
31
32
30
32
31
32
31
31
31
31
31
31
31
31
31
31
31
31
31
32
31
31
31
31
31
31
31
31
31
31
31
31
31
32
31
31
32
31
31
31
31
31
31
33
33
34
33
33
33
33
33
34
33
34
34
34
34
34
35
34
35
35
35
35
35
35
35
35
35
35
36
35
35
35
35
35
35
35
35
35
35
35
35
35
35
35
35
35
35
35
35
35
35
35
37
37
37
35
37
38
38
38
39
39
39
39
39
39
40
39
40
40
40
40
40
40
40
40
40
40
40
40
40
40
40
40
40
40
40
41
40
41
40
40
40
41
41
40
40
40
41
40
40
40
40
40
40
40
40
40
42
42
43
43
43
43
43
43
43
43
43
43
43
43
43
43
43
43
43
43
43
43
43
43
43
43
43
43
43
43
43
43
43
43
43
43
43
43
43
43
43
44
44
44
44
44
44
44
44
44
44
44
44
44
44
44
44
44
44
44
44
44
44
44
44
44
44
44
44
44
44
44
44
44
44
44
44
44
44
44
45
45
45
45
45
45
45
45
45
45
45
45
45
45
45
45
45
45
45
45
45
45
45
45
45
45
45
45
45
45
45
45
45
46
46
46
46
46
46
46
46
46
46
46
46
46
46
46
46
46
46
46
46
47
47
47
47
47
47
47
47
47
47
47
47
47
47
47
47
47
47
47
47
47
36
42
42
42
42
42
18
18
20
18
10
48
48
49
50
50
51
51
51
47
46
27
