67 68
98 101
59 64
141 145
99 109
152 154
135 147
34 37
251 252
148 150
121 133
100 110
212 217
158 161
94 103
206 210
192 193
151 155
79 81
72 75
18 19
1 33
47 55
229 230
162 170
124 131
135 140
8 11
225 226
5 21
9 19
138 142
97 104
5 30
100 103
158 163
197 209
79 83
41 44
88 95
35 37
81 89
181 185
20 24
51 57
38 39
207 213
191 196
23 29
74 77
236 237
122 126
0 247
140 141
166 169
214 218
172 182
160 162
215 217
232 233
232 242
42 45
25 29
108 109
164 171
233 234
114 115
10 24
184 186
201 202
107 112
108 111
139 144
101 105
51 52
12 15
84 86
60 64
237 243
69 76
46 56
234 235
229 239
143 144
80 85
167 175
129 136
186 188
14 30
121 123
235 236
212 216
189 193
230 231
205 211
240 241
2 13
28 32
72 74
206 209
119 125
82 85
42 49
116 117
163 168
142 145
52 53
43 50
46 49
22 27
190 194
14 23
112 113
95 97
176 180
170 173
214 215
53 54
172 179
195 211
197 208
36 38
241 242
120 126
200 210
164 168
3 7
226 238
171 183
78 83
0 246
138 143
4 33
118 137
195 204
198 200
54 55
62 68
119 120
174 175
25 28
63 76
146 147
99 105
203 208
36 250
4 8
182 185
12 21
60 70
248 249
152 153
129 133
106 110
169 178
179 180
189 190
244 245
196 205
148 149
227 238
102 106
88 89
174 177
146 149
156 159
26 31
58 66
3 11
43 47
228 239
98 102
18 27
87 90
176 177
130 134
178 183
10 16
62 63
122 132
93 96
94 104
137 139
231 240
219 220
202 204
84 87
191 192
44 48
181 184
127 128
61 73
80 86
118 134
187 188
218 221
65 73
213 216
91 92
224 225
111 113
13 20
15 17
41 45
58 61
220 221
165 166
219 222
90 93
124 125
59 69
78 82
159 165
199 201
22 31
48 50
17 26
65 75
198 199
57 71
6 7
157 167
6 16
32 35
203 207
70 71
127 132
39 40
130 131
227 228
66 67
2 9
161 173
91 96
114 116
123 128
157 160
151 153
223 224
