0.157143 0.088000 0.000000
0.848571 0.126286 0.000000
0.542857 0.131429 0.000000
0.699429 0.132000 0.000000
0.774286 0.132000 0.000000
0.336000 0.133143 0.000000
0.663429 0.133143 0.000000
0.680000 0.133143 0.000000
0.749143 0.133143 0.000000
0.528000 0.133714 0.000000
0.626857 0.133714 0.000000
0.727429 0.133714 0.000000
0.381143 0.134286 0.000000
0.560000 0.134286 0.000000
0.310857 0.134857 0.000000
0.396000 0.134857 0.000000
0.646857 0.134857 0.000000
0.416000 0.135429 0.000000
0.490857 0.135429 0.000000
0.509714 0.135429 0.000000
0.581143 0.135429 0.000000
0.356000 0.136000 0.000000
0.460000 0.136000 0.000000
0.288571 0.136571 0.000000
0.605714 0.136571 0.000000
0.249714 0.137143 0.000000
0.429714 0.137143 0.000000
0.481714 0.137143 0.000000
0.222857 0.137714 0.000000
0.268571 0.137714 0.000000
0.326857 0.137714 0.000000
0.440571 0.138286 0.000000
0.204000 0.138857 0.000000
0.811429 0.138857 0.000000
0.145714 0.139429 0.000000
0.186286 0.140000 0.000000
0.105714 0.141143 0.000000
0.166286 0.141143 0.000000
0.089143 0.142857 0.000000
0.073714 0.143429 0.000000
0.056000 0.145143 0.000000
0.754286 0.157143 0.000000
0.791429 0.157143 0.000000
0.666857 0.157714 0.000000
0.733143 0.157714 0.000000
0.772571 0.157714 0.000000
0.828000 0.158286 0.000000
0.646857 0.159429 0.000000
0.716571 0.159429 0.000000
0.810286 0.159429 0.000000
0.692571 0.160000 0.000000
0.565714 0.161143 0.000000
0.584000 0.161143 0.000000
0.600000 0.161714 0.000000
0.615429 0.161714 0.000000
0.627429 0.161714 0.000000
0.848571 0.161714 0.000000
0.542857 0.164000 0.000000
0.299429 0.165143 0.000000
0.450286 0.165143 0.000000
0.483429 0.165143 0.000000
0.272571 0.165714 0.000000
0.372571 0.165714 0.000000
0.388571 0.165714 0.000000
0.465714 0.165714 0.000000
0.225714 0.166286 0.000000
0.320000 0.166286 0.000000
0.337714 0.166286 0.000000
0.352571 0.166286 0.000000
0.432571 0.166286 0.000000
0.502286 0.166286 0.000000
0.521143 0.166286 0.000000
0.190857 0.166857 0.000000
0.249143 0.166857 0.000000
0.176000 0.167429 0.000000
0.208000 0.167429 0.000000
0.412571 0.168571 0.000000
0.143429 0.169714 0.000000
0.633714 0.181714 0.000000
0.591429 0.184000 0.000000
0.687429 0.184000 0.000000
0.571429 0.184571 0.000000
0.652000 0.184571 0.000000
0.612000 0.185143 0.000000
0.722286 0.185143 0.000000
0.666857 0.185714 0.000000
0.703429 0.185714 0.000000
0.744571 0.186286 0.000000
0.537143 0.186857 0.000000
0.552571 0.188000 0.000000
0.766286 0.188000 0.000000
0.831429 0.188000 0.000000
0.854286 0.188000 0.000000
0.788000 0.189143 0.000000
0.477714 0.189714 0.000000
0.524000 0.189714 0.000000
0.812000 0.189714 0.000000
0.508571 0.190286 0.000000
0.359429 0.190857 0.000000
0.277143 0.191429 0.000000
0.452000 0.191429 0.000000
0.329143 0.192000 0.000000
0.382857 0.192000 0.000000
0.467429 0.192000 0.000000
0.488000 0.192000 0.000000
0.306857 0.192571 0.000000
0.414286 0.192571 0.000000
0.144571 0.193143 0.000000
0.240000 0.193714 0.000000
0.257143 0.193714 0.000000
0.431429 0.193714 0.000000
0.219429 0.194286 0.000000
0.175429 0.196000 0.000000
0.196571 0.196000 0.000000
0.915429 0.201714 0.000000
0.927429 0.201714 0.000000
0.901143 0.203429 0.000000
0.886857 0.204000 0.000000
0.485143 0.212000 0.000000
0.612000 0.212571 0.000000
0.642286 0.212571 0.000000
0.786286 0.212571 0.000000
0.690286 0.213143 0.000000
0.764571 0.213143 0.000000
0.569714 0.213714 0.000000
0.589143 0.213714 0.000000
0.670286 0.213714 0.000000
0.725143 0.213714 0.000000
0.742857 0.213714 0.000000
0.830857 0.213714 0.000000
0.526286 0.214286 0.000000
0.546857 0.214286 0.000000
0.708000 0.214857 0.000000
0.810286 0.214857 0.000000
0.505714 0.216000 0.000000
0.232000 0.216571 0.000000
0.853143 0.216571 0.000000
0.458286 0.217143 0.000000
0.369143 0.218286 0.000000
0.438857 0.218286 0.000000
0.258286 0.218857 0.000000
0.280000 0.218857 0.000000
0.345143 0.218857 0.000000
0.397714 0.218857 0.000000
0.419429 0.218857 0.000000
0.313143 0.220000 0.000000
0.196000 0.221714 0.000000
0.216571 0.222857 0.000000
0.162286 0.223429 0.000000
0.173714 0.224000 0.000000
0.143429 0.225143 0.000000
0.909714 0.233714 0.000000
0.941714 0.233714 0.000000
0.926857 0.234857 0.000000
0.953143 0.234857 0.000000
0.893714 0.235429 0.000000
0.853714 0.237714 0.000000
0.465143 0.239429 0.000000
0.582286 0.239429 0.000000
0.820000 0.239429 0.000000
0.478286 0.240000 0.000000
0.570857 0.240571 0.000000
0.499429 0.241714 0.000000
0.617714 0.241714 0.000000
0.665714 0.241714 0.000000
0.805714 0.241714 0.000000
0.791429 0.242286 0.000000
0.439429 0.242857 0.000000
0.644571 0.242857 0.000000
0.766857 0.242857 0.000000
0.520571 0.243429 0.000000
0.690857 0.243429 0.000000
0.288000 0.244000 0.000000
0.542857 0.244000 0.000000
0.397143 0.245143 0.000000
0.417714 0.245714 0.000000
0.361143 0.246286 0.000000
0.386286 0.246286 0.000000
0.742286 0.246286 0.000000
0.316000 0.246857 0.000000
0.345143 0.248000 0.000000
0.230857 0.248571 0.000000
0.269143 0.248571 0.000000
0.717714 0.249143 0.000000
0.214857 0.249714 0.000000
0.250286 0.250857 0.000000
0.192571 0.252000 0.000000
0.149143 0.252571 0.000000
0.169143 0.253714 0.000000
0.837143 0.265714 0.000000
0.851429 0.265714 0.000000
0.782286 0.266286 0.000000
0.803429 0.266286 0.000000
0.816571 0.266857 0.000000
0.862286 0.266857 0.000000
0.691429 0.268000 0.000000
0.756571 0.268571 0.000000
0.484000 0.269143 0.000000
0.592000 0.269143 0.000000
0.616000 0.269143 0.000000
0.567429 0.269714 0.000000
0.634857 0.269714 0.000000
0.650286 0.269714 0.000000
0.436571 0.270286 0.000000
0.665714 0.270286 0.000000
0.739429 0.270286 0.000000
0.524000 0.270857 0.000000
0.406857 0.271429 0.000000
0.459429 0.271429 0.000000
0.505143 0.271429 0.000000
0.544000 0.272000 0.000000
0.717714 0.272000 0.000000
0.334286 0.273143 0.000000
0.378857 0.273143 0.000000
0.288571 0.273714 0.000000
0.308000 0.274286 0.000000
0.356000 0.274286 0.000000
0.321714 0.274857 0.000000
0.254857 0.278286 0.000000
0.184571 0.278857 0.000000
0.213143 0.278857 0.000000
0.236571 0.279429 0.000000
0.153143 0.283429 0.000000
0.369714 0.409714 0.000000
0.376000 0.409714 0.000000
0.384571 0.409714 0.000000
0.398286 0.409714 0.000000
0.418286 0.409714 0.000000
0.428571 0.409714 0.000000
0.469143 0.409714 0.000000
0.474857 0.409714 0.000000
0.485714 0.409714 0.000000
0.545143 0.409714 0.000000
0.558857 0.409714 0.000000
0.577143 0.409714 0.000000
0.593143 0.409714 0.000000
0.614286 0.409714 0.000000
0.621143 0.409714 0.000000
0.412571 0.410286 0.000000
0.453714 0.410286 0.000000
0.497714 0.410286 0.000000
0.504000 0.410286 0.000000
0.524000 0.410286 0.000000
0.630857 0.410286 0.000000
0.919592 0.311588 0.000000
0.928571 0.310364 0.000000
0.142857 0.087755 0.000000
0.171429 0.084082 0.000000
0.060816 0.106913 0.000000
0.074286 0.104464 0.000000
0.116327 0.145740 0.000000
0.075510 0.176760 0.000000
0.090612 0.175536 0.000000
0.248980 0.234031 0.000000
