275.000250 154.000000 0.000000
1484.999250 221.000500 0.000000
949.999750 230.000750 0.000000
1224.000750 231.000000 0.000000
1355.000500 231.000000 0.000000
588.000000 233.000250 0.000000
1161.000750 233.000250 0.000000
1190.000000 233.000250 0.000000
1311.000250 233.000250 0.000000
924.000000 233.999500 0.000000
1096.999750 233.999500 0.000000
1273.000750 233.999500 0.000000
667.000250 235.000500 0.000000
980.000000 235.000500 0.000000
543.999750 235.999750 0.000000
693.000000 235.999750 0.000000
1131.999750 235.999750 0.000000
728.000000 237.000750 0.000000
858.999750 237.000750 0.000000
891.999500 237.000750 0.000000
1017.000250 237.000750 0.000000
623.000000 238.000000 0.000000
805.000000 238.000000 0.000000
504.999250 238.999250 0.000000
1059.999500 238.999250 0.000000
436.999500 240.000250 0.000000
751.999500 240.000250 0.000000
842.999500 240.000250 0.000000
389.999750 240.999500 0.000000
469.999250 240.999500 0.000000
571.999750 240.999500 0.000000
770.999250 242.000500 0.000000
357.000000 242.999750 0.000000
1420.000750 242.999750 0.000000
254.999500 244.000750 0.000000
326.000500 245.000000 0.000000
184.999500 247.000250 0.000000
291.000500 247.000250 0.000000
156.000250 249.999750 0.000000
128.999500 251.000750 0.000000
98.000000 254.000250 0.000000
1320.000500 275.000250 0.000000
1385.000750 275.000250 0.000000
1166.999750 275.999500 0.000000
1283.000250 275.999500 0.000000
1351.999250 275.999500 0.000000
1449.000000 277.000500 0.000000
1131.999750 279.000750 0.000000
1253.999250 279.000750 0.000000
1418.000500 279.000750 0.000000
1211.999250 280.000000 0.000000
989.999500 282.000250 0.000000
1022.000000 282.000250 0.000000
1050.000000 282.999500 0.000000
1077.000750 282.999500 0.000000
1098.000750 282.999500 0.000000
1484.999250 282.999500 0.000000
949.999750 287.000000 0.000000
524.000750 289.000250 0.000000
788.000500 289.000250 0.000000
846.000750 289.000250 0.000000
476.999250 289.999500 0.000000
651.999250 289.999500 0.000000
679.999250 289.999500 0.000000
814.999500 289.999500 0.000000
394.999500 291.000500 0.000000
560.000000 291.000500 0.000000
590.999500 291.000500 0.000000
616.999250 291.000500 0.000000
756.999250 291.000500 0.000000
879.000500 291.000500 0.000000
912.000250 291.000500 0.000000
333.999750 291.999750 0.000000
436.000250 291.999750 0.000000
308.000000 293.000750 0.000000
364.000000 293.000750 0.000000
721.999250 294.999250 0.000000
251.000750 296.999500 0.000000
1108.999500 317.999500 0.000000
1035.000750 322.000000 0.000000
1203.000750 322.000000 0.000000
1000.000750 322.999250 0.000000
1141.000000 322.999250 0.000000
1071.000000 324.000250 0.000000
1264.000500 324.000250 0.000000
1166.999750 324.999500 0.000000
1231.000750 324.999500 0.000000
1302.999250 326.000500 0.000000
940.000250 326.999750 0.000000
966.999250 329.000000 0.000000
1341.000500 329.000000 0.000000
1455.000750 329.000000 0.000000
1495.000500 329.000000 0.000000
1379.000000 331.000250 0.000000
835.999500 331.999500 0.000000
917.000000 331.999500 0.000000
1421.000000 331.999500 0.000000
889.999250 333.000500 0.000000
629.000750 333.999750 0.000000
485.000250 335.000750 0.000000
791.000000 335.000750 0.000000
576.000250 336.000000 0.000000
669.999750 336.000000 0.000000
818.000750 336.000000 0.000000
854.000000 336.000000 0.000000
536.999750 336.999250 0.000000
725.000500 336.999250 0.000000
252.999250 338.000250 0.000000
420.000000 338.999500 0.000000
450.000250 338.999500 0.000000
755.000750 338.999500 0.000000
384.000750 340.000500 0.000000
307.000750 343.000000 0.000000
343.999250 343.000000 0.000000
1602.000750 352.999500 0.000000
1623.000750 352.999500 0.000000
1577.000250 356.000750 0.000000
1551.999750 357.000000 0.000000
849.000250 371.000000 0.000000
1071.000000 371.999250 0.000000
1124.000500 371.999250 0.000000
1376.000500 371.999250 0.000000
1208.000500 373.000250 0.000000
1337.999250 373.000250 0.000000
996.999500 373.999500 0.000000
1031.000250 373.999500 0.000000
1173.000500 373.999500 0.000000
1269.000250 373.999500 0.000000
1299.999750 373.999500 0.000000
1453.999750 373.999500 0.000000
921.000500 375.000500 0.000000
956.999750 375.000500 0.000000
1239.000000 375.999750 0.000000
1418.000500 375.999750 0.000000
884.999500 378.000000 0.000000
406.000000 378.999250 0.000000
1493.000250 378.999250 0.000000
802.000500 380.000250 0.000000
646.000250 382.000500 0.000000
767.999750 382.000500 0.000000
452.000500 382.999750 0.000000
490.000000 382.999750 0.000000
604.000250 382.999750 0.000000
695.999500 382.999750 0.000000
734.000750 382.999750 0.000000
548.000250 385.000000 0.000000
343.000000 387.999500 0.000000
378.999250 389.999750 0.000000
284.000500 391.000750 0.000000
303.999500 392.000000 0.000000
251.000750 394.000250 0.000000
1591.999500 408.999500 0.000000
1647.999500 408.999500 0.000000
1621.999750 410.999750 0.000000
1668.000250 410.999750 0.000000
1563.999500 412.000750 0.000000
1493.999500 415.999500 0.000000
814.000250 419.000750 0.000000
1019.000500 419.000750 0.000000
1435.000000 419.000750 0.000000
837.000500 420.000000 0.000000
998.999750 420.999250 0.000000
874.000750 422.999500 0.000000
1080.999500 422.999500 0.000000
1164.999500 422.999500 0.000000
1409.999500 422.999500 0.000000
1385.000750 424.000500 0.000000
769.000750 424.999750 0.000000
1127.999250 424.999750 0.000000
1341.999750 424.999750 0.000000
910.999250 426.000750 0.000000
1208.999750 426.000750 0.000000
504.000000 427.000000 0.000000
949.999750 427.000000 0.000000
695.000250 429.000250 0.000000
730.999500 429.999500 0.000000
632.000250 431.000500 0.000000
676.000500 431.000500 0.000000
1299.000500 431.000500 0.000000
553.000000 431.999750 0.000000
604.000250 434.000000 0.000000
403.999750 434.999250 0.000000
471.000250 434.999250 0.000000
1255.999500 436.000250 0.000000
375.999750 436.999500 0.000000
438.000500 438.999750 0.000000
336.999250 441.000000 0.000000
261.000250 441.999250 0.000000
296.000250 443.999500 0.000000
1465.000250 464.999500 0.000000
1490.000750 464.999500 0.000000
1369.000500 466.000500 0.000000
1406.000750 466.000500 0.000000
1428.999250 466.999750 0.000000
1509.000500 466.999750 0.000000
1210.000750 469.000000 0.000000
1323.999250 469.999250 0.000000
847.000000 471.000250 0.000000
1036.000000 471.000250 0.000000
1078.000000 471.000250 0.000000
993.000750 471.999500 0.000000
1110.999750 471.999500 0.000000
1138.000500 471.999500 0.000000
763.999250 473.000500 0.000000
1164.999500 473.000500 0.000000
1294.000750 473.000500 0.000000
917.000000 473.999750 0.000000
711.999750 475.000750 0.000000
804.000750 475.000750 0.000000
884.000250 475.000750 0.000000
952.000000 476.000000 0.000000
1255.999500 476.000000 0.000000
585.000500 478.000250 0.000000
662.999750 478.000250 0.000000
504.999250 478.999500 0.000000
539.000000 480.000500 0.000000
623.000000 480.000500 0.000000
562.999500 480.999750 0.000000
445.999750 487.000500 0.000000
322.999250 487.999750 0.000000
373.000250 487.999750 0.000000
413.999250 489.000750 0.000000
268.000250 496.000750 0.000000
646.999500 716.999500 0.000000
658.000000 716.999500 0.000000
672.999250 716.999500 0.000000
697.000500 716.999500 0.000000
732.000500 716.999500 0.000000
749.999250 716.999500 0.000000
821.000250 716.999500 0.000000
830.999750 716.999500 0.000000
849.999500 716.999500 0.000000
954.000250 716.999500 0.000000
977.999750 716.999500 0.000000
1010.000250 716.999500 0.000000
1038.000250 716.999500 0.000000
1075.000500 716.999500 0.000000
1087.000250 716.999500 0.000000
721.999250 718.000500 0.000000
793.999500 718.000500 0.000000
870.999500 718.000500 0.000000
882.000000 718.000500 0.000000
917.000000 718.000500 0.000000
1103.999750 718.000500 0.000000
1609.286000 545.279000 0.000000
1624.999250 543.137000 0.000000
249.999750 153.571250 0.000000
300.000750 147.143500 0.000000
106.428000 187.097750 0.000000
130.000500 182.812000 0.000000
203.572250 255.045000 0.000000
132.142500 309.330000 0.000000
158.571000 307.188000 0.000000
435.715000 409.554250 0.000000
