67 68
266 277
147 149
480 484
207 209
40 41
100 101
262 270
192 193
41 42
284 285
332 334
44 47
133 134
535 541
432 439
354 358
195 203
15 16
373 389
226 227
269 277
70 77
291 292
140 141
113 124
383 384
81 82
475 476
292 293
416 417
523 561
236 239
534 558
417 418
55 56
247 254
298 299
509 510
306 321
29 31
450 451
48 53
527 536
272 283
92 96
542 543
172 177
391 392
261 264
423 424
240 241
213 224
62 64
313 320
154 156
51 54
173 178
324 338
43 50
35 46
195 202
198 207
96 98
117 139
549 550
188 190
371 382
530 555
280 282
490 491
129 131
113 123
261 268
305 311
364 369
165 169
438 440
467 485
117 125
88 89
139 143
387 394
61 62
442 446
121 131
213 214
221 227
431 436
110 112
94 95
3 4
397 398
283 287
246 247
194 209
505 507
17 24
264 273
36 37
9 20
319 325
408 412
419 421
379 385
371 381
58 70
301 304
349 353
312 313
441 445
10 11
420 422
372 373
464 465
102 103
512 514
231 235
556 557
16 18
385 391
405 406
453 455
302 304
497 498
346 347
375 383
338 343
386 392
430 435
109 111
160 165
530 540
257 265
460 463
142 144
511 517
529 553
352 353
182 189
293 294
345 350
474 482
275 282
323 331
315 327
323 340
537 538
17 23
179 183
5 21
9 19
316 328
559 562
6 13
456 460
560 563
393 395
222 229
263 267
242 244
271 280
452 453
60 87
363 372
544 545
374 381
175 181
223 230
426 428
474 477
116 122
359 365
46 54
248 250
49 50
297 301
459 461
130 133
57 72
429 438
249 260
262 279
500 507
63 79
163 166
1 5
112 129
212 216
196 199
326 336
196 208
85 93
466 468
518 524
86 94
89 90
499 501
118 135
149 150
8 22
130 146
440 442
241 242
111 114
71 78
200 201
281 287
500 502
52 55
134 143
141 142
374 380
426 427
506 508
315 321
185 193
59 72
97 98
418 419
377 390
551 552
510 511
400 401
251 260
351 356
513 516
492 493
322 329
443 448
502 506
543 544
433 434
355 362
122 123
525 535
215 220
444 448
407 408
86 93
366 376
458 459
348 349
251 255
550 551
148 153
399 400
81 90
60 67
303 319
524 525
37 38
465 466
388 390
285 288
48 52
210 212
498 499
259 263
218 234
310 317
132 140
513 515
362 364
163 164
431 445
443 447
243 245
44 45
255 256
303 305
85 91
288 289
206 210
137 138
29 34
0 7
450 454
80 88
461 463
148 152
92 99
10 20
531 555
203 204
475 483
295 296
144 145
468 471
155 160
325 333
214 218
166 178
409 412
18 23
347 348
298 306
77 78
58 74
0 2
458 462
69 83
531 532
151 152
232 235
25 31
361 367
162 167
413 414
254 259
432 436
84 95
225 232
354 355
435 441
217 228
487 488
114 126
534 560
446 447
28 32
526 565
449 452
409 416
258 265
99 101
387 388
128 137
520 521
406 410
479 489
169 174
420 421
25 26
73 84
494 495
51 56
173 180
273 276
217 223
545 546
155 159
486 487
430 434
546 547
327 341
368 379
168 177
427 437
519 520
479 484
309 320
69 82
360 365
339 342
121 138
91 97
102 106
224 230
472 481
552 553
205 226
361 366
533 558
3 11
43 47
103 107
302 316
346 350
357 359
76 80
486 491
68 76
449 451
128 136
257 268
191 192
150 151
61 73
527 537
393 394
2 14
423 425
334 335
382 384
32 33
154 157
64 74
367 368
176 181
187 190
65 75
198 199
276 286
157 158
109 118
120 136
401 402
39 40
161 164
532 556
493 494
512 516
533 557
194 206
286 289
375 376
526 536
156 161
307 339
49 53
28 30
57 66
65 79
186 189
168 180
330 337
309 314
519 523
182 191
290 291
115 119
522 561
397 399
108 116
38 39
467 472
515 521
356 357
197 202
308 326
508 509
249 258
322 328
422 424
211 222
360 363
481 482
311 318
473 478
104 105
13 14
183 187
455 457
231 236
215 219
105 106
267 275
396 398
307 329
216 220
378 380
248 252
318 335
186 188
256 274
300 308
389 395
200 208
171 172
414 415
529 554
462 464
540 554
234 237
204 205
115 127
296 297
145 146
26 27
539 549
237 238
407 411
528 539
167 179
517 548
437 439
300 312
19 24
469 471
197 201
170 184
238 239
119 120
330 331
171 176
333 336
219 225
211 221
271 272
12 21
470 490
456 564
503 505
108 110
425 433
428 429
266 278
269 274
126 127
488 489
480 485
45 566
369 370
340 343
278 279
71 75
281 284
240 243
402 403
4 12
403 404
1 6
252 253
495 496
344 345
229 233
496 497
377 378
528 538
337 342
59 87
469 470
477 483
63 66
184 185
310 324
410 411
33 34
162 175
125 135
562 563
503 504
158 159
317 332
7 8
