0.648571 0.016571 0.000000
0.585714 0.017143 0.000000
0.636000 0.017143 0.000000
0.523429 0.018286 0.000000
0.537714 0.018286 0.000000
0.573714 0.018286 0.000000
0.600571 0.018286 0.000000
0.663429 0.018286 0.000000
0.680571 0.018286 0.000000
0.469143 0.018857 0.000000
0.494857 0.018857 0.000000
0.509714 0.018857 0.000000
0.552000 0.018857 0.000000
0.611429 0.018857 0.000000
0.620571 0.018857 0.000000
0.373714 0.019429 0.000000
0.389143 0.019429 0.000000
0.425714 0.019429 0.000000
0.404571 0.020000 0.000000
0.452571 0.020000 0.000000
0.483429 0.020000 0.000000
0.561714 0.020000 0.000000
0.692000 0.020000 0.000000
0.413143 0.020571 0.000000
0.439429 0.020571 0.000000
0.272000 0.028000 0.000000
0.281714 0.028571 0.000000
0.292000 0.029714 0.000000
0.206286 0.030857 0.000000
0.249714 0.030857 0.000000
0.198286 0.031429 0.000000
0.259429 0.031429 0.000000
0.215429 0.032000 0.000000
0.229714 0.032000 0.000000
0.242286 0.032000 0.000000
0.158857 0.044571 0.000000
0.384000 0.044571 0.000000
0.396000 0.045143 0.000000
0.405143 0.045143 0.000000
0.416000 0.045143 0.000000
0.429143 0.045143 0.000000
0.444571 0.045714 0.000000
0.456000 0.046286 0.000000
0.302286 0.046857 0.000000
0.328000 0.046857 0.000000
0.343429 0.046857 0.000000
0.173714 0.047429 0.000000
0.314857 0.047429 0.000000
0.249143 0.048571 0.000000
0.272000 0.048571 0.000000
0.285714 0.048571 0.000000
0.194286 0.049143 0.000000
0.238286 0.049143 0.000000
0.259429 0.049143 0.000000
0.184000 0.049714 0.000000
0.220000 0.049714 0.000000
0.205714 0.050286 0.000000
0.598857 0.065143 0.000000
0.437714 0.066286 0.000000
0.621143 0.066286 0.000000
0.668000 0.066286 0.000000
0.374857 0.066857 0.000000
0.388571 0.067429 0.000000
0.569143 0.067429 0.000000
0.413143 0.068000 0.000000
0.537143 0.068000 0.000000
0.582857 0.068000 0.000000
0.677714 0.068000 0.000000
0.705714 0.068000 0.000000
0.832000 0.068000 0.000000
0.450857 0.068571 0.000000
0.496571 0.068571 0.000000
0.608571 0.068571 0.000000
0.361143 0.069143 0.000000
0.428000 0.069143 0.000000
0.513143 0.069143 0.000000
0.723429 0.069143 0.000000
0.464571 0.069714 0.000000
0.480571 0.069714 0.000000
0.556571 0.069714 0.000000
0.736000 0.069714 0.000000
0.793714 0.069714 0.000000
0.812000 0.069714 0.000000
0.858857 0.069714 0.000000
0.342286 0.070286 0.000000
0.266286 0.070857 0.000000
0.294286 0.070857 0.000000
0.648000 0.070857 0.000000
0.747429 0.070857 0.000000
0.768000 0.070857 0.000000
0.778286 0.070857 0.000000
0.255429 0.071429 0.000000
0.196571 0.072000 0.000000
0.281714 0.072000 0.000000
0.305714 0.072571 0.000000
0.324571 0.072571 0.000000
0.209714 0.073714 0.000000
0.242857 0.073714 0.000000
0.224000 0.074286 0.000000
0.182857 0.074857 0.000000
0.157714 0.077143 0.000000
0.169143 0.077143 0.000000
0.081714 0.088571 0.000000
0.092000 0.088571 0.000000
0.036000 0.089143 0.000000
0.050857 0.089714 0.000000
0.066857 0.089714 0.000000
0.105143 0.090286 0.000000
0.781143 0.094857 0.000000
0.439429 0.095429 0.000000
0.749143 0.095429 0.000000
0.451429 0.096571 0.000000
0.714286 0.096571 0.000000
0.851429 0.096571 0.000000
0.466286 0.097143 0.000000
0.511429 0.097143 0.000000
0.811429 0.097143 0.000000
0.346857 0.097714 0.000000
0.418857 0.097714 0.000000
0.530286 0.097714 0.000000
0.551429 0.097714 0.000000
0.637714 0.097714 0.000000
0.831429 0.097714 0.000000
0.841714 0.097714 0.000000
0.862857 0.097714 0.000000
0.365714 0.098286 0.000000
0.481143 0.098286 0.000000
0.496000 0.098286 0.000000
0.596571 0.098286 0.000000
0.669143 0.098286 0.000000
0.262286 0.098857 0.000000
0.654286 0.098857 0.000000
0.162286 0.099429 0.000000
0.280000 0.099429 0.000000
0.294857 0.099429 0.000000
0.397143 0.099429 0.000000
0.569143 0.099429 0.000000
0.617714 0.099429 0.000000
0.628000 0.099429 0.000000
0.324571 0.100000 0.000000
0.178286 0.100571 0.000000
0.197143 0.101143 0.000000
0.208000 0.101143 0.000000
0.309143 0.101143 0.000000
0.224571 0.102286 0.000000
0.231429 0.102857 0.000000
0.244571 0.102857 0.000000
0.689714 0.115429 0.000000
0.749714 0.115429 0.000000
0.705143 0.116000 0.000000
0.720571 0.116000 0.000000
0.733714 0.116000 0.000000
0.742286 0.116000 0.000000
0.759429 0.116571 0.000000
0.745714 0.131429 0.000000
0.794857 0.133143 0.000000
0.709143 0.133714 0.000000
0.756000 0.133714 0.000000
0.765714 0.133714 0.000000
0.774857 0.133714 0.000000
0.813143 0.133714 0.000000
0.685143 0.134286 0.000000
0.443429 0.136000 0.000000
0.654857 0.136000 0.000000
0.664571 0.136000 0.000000
0.826857 0.136000 0.000000
0.634857 0.136571 0.000000
0.425714 0.137143 0.000000
0.556000 0.137714 0.000000
0.840571 0.137714 0.000000
0.164000 0.138286 0.000000
0.513714 0.138286 0.000000
0.524571 0.138286 0.000000
0.597143 0.138286 0.000000
0.861143 0.138286 0.000000
0.460571 0.138857 0.000000
0.493714 0.138857 0.000000
0.540571 0.138857 0.000000
0.613714 0.138857 0.000000
0.413143 0.139429 0.000000
0.576571 0.139429 0.000000
0.476000 0.140000 0.000000
0.286857 0.141714 0.000000
0.385143 0.141714 0.000000
0.189143 0.142857 0.000000
0.206286 0.142857 0.000000
0.313714 0.142857 0.000000
0.365143 0.142857 0.000000
0.326286 0.143429 0.000000
0.298857 0.144000 0.000000
0.340000 0.144571 0.000000
0.268000 0.145714 0.000000
0.245143 0.146286 0.000000
0.226857 0.147429 0.000000
0.528571 0.179429 0.000000
0.690857 0.179429 0.000000
0.615429 0.180000 0.000000
0.657714 0.180000 0.000000
0.574286 0.180571 0.000000
0.608000 0.180571 0.000000
0.635429 0.180571 0.000000
0.645143 0.180571 0.000000
0.672000 0.180571 0.000000
0.714857 0.181143 0.000000
0.730286 0.181143 0.000000
0.740000 0.181143 0.000000
0.513714 0.181714 0.000000
0.558857 0.181714 0.000000
0.628000 0.181714 0.000000
0.546286 0.182286 0.000000
0.492000 0.182857 0.000000
0.826286 0.182857 0.000000
0.476000 0.183429 0.000000
0.232000 0.184000 0.000000
0.241714 0.184000 0.000000
0.432571 0.184000 0.000000
0.461143 0.184000 0.000000
0.169143 0.184571 0.000000
0.260571 0.184571 0.000000
0.419429 0.184571 0.000000
0.442857 0.184571 0.000000
0.810286 0.184571 0.000000
0.842286 0.184571 0.000000
0.186286 0.185143 0.000000
0.213714 0.185143 0.000000
0.402286 0.185143 0.000000
0.770286 0.185143 0.000000
0.781143 0.185143 0.000000
0.157143 0.185714 0.000000
0.850286 0.185714 0.000000
0.201714 0.186286 0.000000
0.361143 0.186286 0.000000
0.387429 0.186286 0.000000
0.861143 0.186286 0.000000
0.278857 0.186857 0.000000
0.376000 0.187429 0.000000
0.350857 0.188571 0.000000
0.297143 0.189143 0.000000
0.314286 0.189714 0.000000
0.332571 0.189714 0.000000
0.783429 0.208571 0.000000
0.794857 0.208571 0.000000
0.811429 0.209143 0.000000
0.768000 0.209714 0.000000
0.821143 0.209714 0.000000
0.751429 0.210857 0.000000
0.154857 0.230286 0.000000
0.171429 0.230286 0.000000
0.109714 0.231429 0.000000
0.585714 0.231429 0.000000
0.090857 0.232000 0.000000
0.619429 0.232000 0.000000
0.128000 0.233143 0.000000
0.140571 0.233143 0.000000
0.193714 0.233143 0.000000
0.635429 0.233143 0.000000
0.645143 0.233143 0.000000
0.543429 0.233714 0.000000
0.576000 0.233714 0.000000
0.213143 0.234286 0.000000
0.601714 0.234286 0.000000
0.507429 0.235429 0.000000
0.815429 0.235429 0.000000
0.229714 0.236000 0.000000
0.492000 0.236000 0.000000
0.555429 0.236000 0.000000
0.727429 0.236000 0.000000
0.243429 0.236571 0.000000
0.524571 0.236571 0.000000
0.681714 0.236571 0.000000
0.850857 0.236571 0.000000
0.303429 0.237143 0.000000
0.322286 0.237143 0.000000
0.472571 0.237143 0.000000
0.669143 0.237143 0.000000
0.261714 0.237714 0.000000
0.456571 0.237714 0.000000
0.701143 0.237714 0.000000
0.765714 0.237714 0.000000
0.790286 0.237714 0.000000
0.294286 0.238286 0.000000
0.361143 0.238286 0.000000
0.279429 0.239429 0.000000
0.342286 0.239429 0.000000
0.376000 0.239429 0.000000
0.388571 0.239429 0.000000
0.439429 0.239429 0.000000
0.353143 0.240000 0.000000
0.409143 0.240000 0.000000
0.428000 0.240571 0.000000
0.220000 0.253714 0.000000
0.237714 0.254857 0.000000
0.253143 0.257714 0.000000
0.267429 0.257714 0.000000
0.277143 0.258286 0.000000
0.156000 0.267429 0.000000
0.175429 0.270286 0.000000
0.199429 0.271429 0.000000
0.098857 0.272571 0.000000
0.080000 0.273143 0.000000
0.756000 0.273714 0.000000
0.220000 0.274857 0.000000
0.260571 0.274857 0.000000
0.623429 0.274857 0.000000
0.237143 0.275429 0.000000
0.606286 0.275429 0.000000
0.114286 0.276000 0.000000
0.358857 0.276000 0.000000
0.722857 0.276000 0.000000
0.836571 0.276000 0.000000
0.496571 0.276571 0.000000
0.588571 0.276571 0.000000
0.778286 0.276571 0.000000
0.802857 0.276571 0.000000
0.858286 0.276571 0.000000
0.136000 0.277714 0.000000
0.278857 0.277714 0.000000
0.510286 0.277714 0.000000
0.570857 0.277714 0.000000
0.633714 0.277714 0.000000
0.821714 0.277714 0.000000
0.126857 0.278286 0.000000
0.320000 0.278286 0.000000
0.428571 0.278286 0.000000
0.488000 0.278286 0.000000
0.651429 0.278286 0.000000
0.708000 0.278286 0.000000
0.142857 0.278857 0.000000
0.306286 0.278857 0.000000
0.337143 0.278857 0.000000
0.408571 0.278857 0.000000
0.416571 0.278857 0.000000
0.526286 0.278857 0.000000
0.669714 0.278857 0.000000
0.537714 0.279429 0.000000
0.548571 0.279429 0.000000
0.693143 0.279429 0.000000
0.399429 0.280000 0.000000
0.467429 0.280000 0.000000
0.370857 0.280571 0.000000
0.439429 0.280571 0.000000
0.150857 0.281143 0.000000
0.389143 0.281714 0.000000
0.452000 0.282286 0.000000
0.014857 0.300000 0.000000
0.030286 0.300571 0.000000
0.060571 0.300571 0.000000
0.075429 0.300571 0.000000
0.084571 0.300571 0.000000
0.098286 0.300571 0.000000
0.047429 0.301143 0.000000
0.161143 0.301714 0.000000
0.126286 0.302857 0.000000
0.109143 0.303429 0.000000
0.901714 0.304571 0.000000
0.914286 0.306857 0.000000
0.195429 0.307429 0.000000
0.206857 0.307429 0.000000
0.885143 0.308000 0.000000
0.238857 0.308571 0.000000
0.277143 0.308571 0.000000
0.766857 0.308571 0.000000
0.923429 0.308571 0.000000
0.299429 0.309714 0.000000
0.939429 0.309714 0.000000
0.258286 0.310286 0.000000
0.752000 0.310857 0.000000
0.783429 0.312000 0.000000
0.802286 0.312000 0.000000
0.948571 0.312000 0.000000
0.960571 0.312000 0.000000
0.580000 0.312571 0.000000
0.317143 0.313143 0.000000
0.338857 0.313143 0.000000
0.542857 0.313143 0.000000
0.672000 0.313143 0.000000
0.697714 0.313143 0.000000
0.480571 0.313714 0.000000
0.504000 0.313714 0.000000
0.811429 0.313714 0.000000
0.521143 0.314286 0.000000
0.561714 0.314286 0.000000
0.614857 0.314286 0.000000
0.658857 0.314286 0.000000
0.644571 0.314857 0.000000
0.827429 0.314857 0.000000
0.864000 0.314857 0.000000
0.442857 0.315429 0.000000
0.452571 0.315429 0.000000
0.365714 0.316000 0.000000
0.464571 0.316000 0.000000
0.841143 0.316571 0.000000
0.853143 0.317143 0.000000
0.412571 0.317714 0.000000
0.430857 0.317714 0.000000
0.393714 0.318857 0.000000
0.017143 0.319429 0.000000
0.055429 0.321143 0.000000
0.034286 0.321714 0.000000
0.073714 0.322286 0.000000
0.085143 0.322286 0.000000
0.096571 0.322857 0.000000
0.109143 0.322857 0.000000
0.118857 0.325143 0.000000
0.130286 0.325714 0.000000
0.154857 0.337714 0.000000
0.164571 0.338857 0.000000
0.197143 0.338857 0.000000
0.207429 0.338857 0.000000
0.240571 0.338857 0.000000
0.176000 0.339429 0.000000
0.184000 0.339429 0.000000
0.219429 0.339429 0.000000
0.013714 0.341143 0.000000
0.025714 0.341714 0.000000
0.038857 0.342857 0.000000
0.270286 0.342857 0.000000
0.293143 0.345714 0.000000
0.310857 0.347429 0.000000
0.320571 0.348571 0.000000
0.346857 0.348571 0.000000
0.333714 0.349143 0.000000
0.364571 0.349143 0.000000
0.400571 0.349143 0.000000
0.384571 0.349714 0.000000
0.418857 0.352000 0.000000
0.684000 0.352000 0.000000
0.665714 0.352571 0.000000
0.702286 0.352571 0.000000
0.720000 0.353714 0.000000
0.480000 0.354286 0.000000
0.555429 0.354286 0.000000
0.600000 0.354286 0.000000
0.437143 0.354857 0.000000
0.461714 0.354857 0.000000
0.503429 0.354857 0.000000
0.578857 0.354857 0.000000
0.641714 0.355429 0.000000
0.739429 0.355429 0.000000
0.621714 0.356571 0.000000
0.756000 0.356571 0.000000
0.518857 0.357143 0.000000
0.772000 0.357143 0.000000
0.825714 0.357143 0.000000
0.859429 0.357143 0.000000
0.538286 0.357714 0.000000
0.786857 0.358286 0.000000
0.805143 0.358857 0.000000
0.844000 0.358857 0.000000
0.072000 0.365143 0.000000
0.042286 0.365714 0.000000
0.057714 0.366857 0.000000
0.086857 0.366857 0.000000
0.099429 0.368000 0.000000
0.021714 0.369143 0.000000
0.116000 0.372000 0.000000
0.168571 0.372571 0.000000
0.125143 0.373143 0.000000
0.253143 0.378857 0.000000
0.240571 0.379429 0.000000
0.194286 0.380000 0.000000
0.222286 0.380571 0.000000
0.266286 0.380571 0.000000
0.208000 0.381714 0.000000
0.280000 0.381714 0.000000
0.296000 0.382857 0.000000
0.316000 0.384000 0.000000
0.696571 0.385714 0.000000
0.364571 0.387429 0.000000
0.411429 0.387429 0.000000
0.440000 0.387429 0.000000
0.376571 0.388000 0.000000
0.708571 0.388000 0.000000
0.017143 0.388571 0.000000
0.773714 0.388571 0.000000
0.837714 0.388571 0.000000
0.859429 0.388571 0.000000
0.802857 0.389143 0.000000
0.028000 0.389714 0.000000
0.601143 0.389714 0.000000
0.645143 0.390286 0.000000
0.729143 0.390286 0.000000
0.748000 0.390857 0.000000
0.821143 0.390857 0.000000
0.619429 0.391429 0.000000
0.668000 0.391429 0.000000
0.503429 0.392000 0.000000
0.519429 0.392000 0.000000
0.549143 0.392000 0.000000
0.578286 0.392000 0.000000
0.463429 0.392571 0.000000
0.486857 0.393143 0.000000
0.155429 0.399429 0.000000
0.168571 0.400571 0.000000
0.197143 0.404000 0.000000
0.214286 0.405143 0.000000
0.235429 0.405714 0.000000
0.253714 0.406286 0.000000
0.266286 0.406286 0.000000
0.280000 0.408000 0.000000
0.382286 0.409714 0.000000
0.293143 0.410286 0.000000
0.396000 0.410286 0.000000
0.336571 0.410857 0.000000
0.319429 0.411429 0.000000
0.348000 0.411429 0.000000
0.410857 0.411429 0.000000
0.362857 0.412000 0.000000
0.426286 0.412000 0.000000
0.441143 0.413143 0.000000
0.457143 0.413714 0.000000
0.468571 0.414857 0.000000
0.722286 0.414857 0.000000
0.693143 0.415429 0.000000
0.732000 0.415429 0.000000
0.678857 0.416571 0.000000
0.710857 0.416571 0.000000
0.478857 0.417143 0.000000
0.830857 0.417143 0.000000
0.645143 0.417714 0.000000
0.655429 0.418286 0.000000
0.665143 0.418286 0.000000
0.605143 0.418857 0.000000
0.629714 0.418857 0.000000
0.848000 0.419429 0.000000
0.863429 0.420000 0.000000
0.376571 0.422286 0.000000
0.398857 0.422286 0.000000
0.429143 0.422286 0.000000
0.504571 0.422286 0.000000
0.530286 0.422286 0.000000
0.548571 0.422286 0.000000
0.555429 0.422286 0.000000
0.576571 0.422286 0.000000
0.592571 0.422286 0.000000
0.876571 0.422286 0.000000
0.385143 0.422857 0.000000
0.413143 0.422857 0.000000
0.418857 0.422857 0.000000
0.453714 0.422857 0.000000
0.524000 0.422857 0.000000
0.888571 0.424000 0.000000
0.155429 0.424571 0.000000
0.169714 0.424571 0.000000
0.184000 0.426857 0.000000
0.196571 0.428000 0.000000
0.210286 0.428000 0.000000
0.221714 0.428571 0.000000
0.489796 0.417596 0.000000
0.464490 0.423718 0.000000
0.474286 0.423310 0.000000
0.484490 0.422902 0.000000
0.490204 0.423310 0.000000
0.497551 0.422902 0.000000
0.513469 0.423718 0.000000
0.539184 0.422494 0.000000
0.564490 0.422494 0.000000
0.571837 0.422085 0.000000
0.583673 0.423310 0.000000
0.626939 0.423571 0.000000
0.600000 0.423571 0.000000
0.616327 0.417449 0.000000
0.614694 0.423980 0.000000
0.606122 0.425166 0.000000
0.152653 0.376735 0.000000
0.369796 0.422621 0.000000
0.354694 0.047302 0.000000
