1134.999250 28.999250 0.000000
1024.999500 30.000250 0.000000
1113.000000 30.000250 0.000000
916.000750 32.000500 0.000000
940.999500 32.000500 0.000000
1003.999500 32.000500 0.000000
1050.999250 32.000500 0.000000
1161.000750 32.000500 0.000000
1190.999250 32.000500 0.000000
821.000250 32.999750 0.000000
865.999750 32.999750 0.000000
891.999500 32.999750 0.000000
966.000000 32.999750 0.000000
1070.000750 32.999750 0.000000
1085.999250 32.999750 0.000000
653.999500 34.000750 0.000000
681.000250 34.000750 0.000000
744.999500 34.000750 0.000000
707.999250 35.000000 0.000000
791.999250 35.000000 0.000000
846.000750 35.000000 0.000000
982.999500 35.000000 0.000000
1211.000000 35.000000 0.000000
723.000250 35.999250 0.000000
769.000750 35.999250 0.000000
476.000000 49.000000 0.000000
492.999500 49.999250 0.000000
511.000000 51.999500 0.000000
361.000500 53.999750 0.000000
436.999500 53.999750 0.000000
347.000500 55.000750 0.000000
454.000750 55.000750 0.000000
377.000750 56.000000 0.000000
401.999500 56.000000 0.000000
424.000500 56.000000 0.000000
277.999750 77.999250 0.000000
672.000000 77.999250 0.000000
693.000000 79.000250 0.000000
709.000250 79.000250 0.000000
728.000000 79.000250 0.000000
751.000250 79.000250 0.000000
777.999250 79.999500 0.000000
798.000000 81.000500 0.000000
529.000500 81.999750 0.000000
574.000000 81.999750 0.000000
601.000750 81.999750 0.000000
303.999500 83.000750 0.000000
550.999750 83.000750 0.000000
436.000250 84.999250 0.000000
476.000000 84.999250 0.000000
499.999500 84.999250 0.000000
340.000500 86.000250 0.000000
417.000500 86.000250 0.000000
454.000750 86.000250 0.000000
322.000000 86.999500 0.000000
385.000000 86.999500 0.000000
359.999500 88.000500 0.000000
1047.999750 114.000250 0.000000
765.999500 116.000500 0.000000
1087.000250 116.000500 0.000000
1169.000000 116.000500 0.000000
655.999750 116.999750 0.000000
679.999250 118.000750 0.000000
996.000250 118.000750 0.000000
723.000250 119.000000 0.000000
940.000250 119.000000 0.000000
1019.999750 119.000000 0.000000
1185.999500 119.000000 0.000000
1234.999500 119.000000 0.000000
1456.000000 119.000000 0.000000
788.999750 119.999250 0.000000
868.999250 119.999250 0.000000
1064.999250 119.999250 0.000000
632.000250 121.000250 0.000000
749.000000 121.000250 0.000000
898.000250 121.000250 0.000000
1266.000750 121.000250 0.000000
812.999250 121.999500 0.000000
840.999250 121.999500 0.000000
973.999250 121.999500 0.000000
1288.000000 121.999500 0.000000
1388.999500 121.999500 0.000000
1421.000000 121.999500 0.000000
1502.999750 121.999500 0.000000
599.000500 123.000500 0.000000
466.000500 123.999750 0.000000
515.000500 123.999750 0.000000
1134.000000 123.999750 0.000000
1308.000750 123.999750 0.000000
1344.000000 123.999750 0.000000
1362.000500 123.999750 0.000000
447.000750 125.000750 0.000000
343.999250 126.000000 0.000000
492.999500 126.000000 0.000000
534.999500 126.999250 0.000000
567.999250 126.999250 0.000000
366.999500 128.999500 0.000000
424.999750 128.999500 0.000000
392.000000 130.000500 0.000000
319.999750 130.999750 0.000000
275.999500 135.000250 0.000000
296.000250 135.000250 0.000000
142.999500 154.999250 0.000000
161.000000 154.999250 0.000000
63.000000 156.000250 0.000000
88.999750 156.999500 0.000000
116.999750 156.999500 0.000000
184.000250 158.000500 0.000000
1367.000250 165.999750 0.000000
769.000750 167.000750 0.000000
1311.000250 167.000750 0.000000
790.000750 168.999250 0.000000
1250.000500 168.999250 0.000000
1490.000750 168.999250 0.000000
816.000500 170.000250 0.000000
895.000750 170.000250 0.000000
1420.000750 170.000250 0.000000
606.999750 170.999500 0.000000
732.999750 170.999500 0.000000
928.000500 170.999500 0.000000
965.000750 170.999500 0.000000
1115.999500 170.999500 0.000000
1455.000750 170.999500 0.000000
1472.999500 170.999500 0.000000
1509.999750 170.999500 0.000000
639.999500 172.000500 0.000000
842.000250 172.000500 0.000000
868.000000 172.000500 0.000000
1043.999250 172.000500 0.000000
1171.000250 172.000500 0.000000
459.000500 172.999750 0.000000
1145.000500 172.999750 0.000000
284.000500 174.000750 0.000000
490.000000 174.000750 0.000000
515.999750 174.000750 0.000000
695.000250 174.000750 0.000000
996.000250 174.000750 0.000000
1080.999500 174.000750 0.000000
1099.000000 174.000750 0.000000
567.999250 175.000000 0.000000
312.000500 175.999250 0.000000
345.000250 177.000250 0.000000
364.000000 177.000250 0.000000
541.000250 177.000250 0.000000
392.999250 179.000500 0.000000
405.000750 179.999750 0.000000
427.999250 179.999750 0.000000
1206.999500 202.000750 0.000000
1311.999500 202.000750 0.000000
1234.000250 203.000000 0.000000
1260.999250 203.000000 0.000000
1283.999500 203.000000 0.000000
1299.000500 203.000000 0.000000
1329.000750 203.999250 0.000000
1304.999500 230.000750 0.000000
1390.999750 233.000250 0.000000
1241.000250 233.999500 0.000000
1323.000000 233.999500 0.000000
1339.999500 233.999500 0.000000
1355.999750 233.999500 0.000000
1423.000250 233.999500 0.000000
1199.000250 235.000500 0.000000
776.000750 238.000000 0.000000
1145.999750 238.000000 0.000000
1162.999250 238.000000 0.000000
1446.999750 238.000000 0.000000
1110.999750 238.999250 0.000000
744.999500 240.000250 0.000000
973.000000 240.999500 0.000000
1470.999250 240.999500 0.000000
287.000000 242.000500 0.000000
898.999500 242.000500 0.000000
917.999250 242.000500 0.000000
1045.000250 242.000500 0.000000
1507.000250 242.000500 0.000000
805.999250 242.999750 0.000000
863.999500 242.999750 0.000000
945.999250 242.999750 0.000000
1073.999500 242.999750 0.000000
723.000250 244.000750 0.000000
1008.999250 244.000750 0.000000
833.000000 245.000000 0.000000
501.999750 247.999500 0.000000
674.000250 247.999500 0.000000
331.000250 249.999750 0.000000
361.000500 249.999750 0.000000
548.999500 249.999750 0.000000
639.000250 249.999750 0.000000
571.000500 251.000750 0.000000
522.999750 252.000000 0.000000
595.000000 252.999250 0.000000
469.000000 254.999500 0.000000
429.000250 256.000500 0.000000
396.999750 258.000750 0.000000
924.999250 314.000750 0.000000
1208.999750 314.000750 0.000000
1077.000750 315.000000 0.000000
1150.999500 315.000000 0.000000
1005.000500 315.999250 0.000000
1064.000000 315.999250 0.000000
1112.000750 315.999250 0.000000
1129.000250 315.999250 0.000000
1176.000000 315.999250 0.000000
1250.999750 317.000250 0.000000
1278.000500 317.000250 0.000000
1295.000000 317.000250 0.000000
898.999500 317.999500 0.000000
977.999750 317.999500 0.000000
1099.000000 317.999500 0.000000
956.000500 319.000500 0.000000
861.000000 319.999750 0.000000
1446.000500 319.999750 0.000000
833.000000 321.000750 0.000000
406.000000 322.000000 0.000000
422.999500 322.000000 0.000000
756.999250 322.000000 0.000000
807.000250 322.000000 0.000000
296.000250 322.999250 0.000000
455.999250 322.999250 0.000000
734.000750 322.999250 0.000000
774.999750 322.999250 0.000000
1418.000500 322.999250 0.000000
1474.000500 322.999250 0.000000
326.000500 324.000250 0.000000
373.999500 324.000250 0.000000
704.000500 324.000250 0.000000
1348.000500 324.000250 0.000000
1367.000250 324.000250 0.000000
275.000250 324.999500 0.000000
1488.000500 324.999500 0.000000
352.999500 326.000500 0.000000
632.000250 326.000500 0.000000
678.000750 326.000500 0.000000
1507.000250 326.000500 0.000000
487.999750 326.999750 0.000000
658.000000 328.000750 0.000000
613.999750 329.999250 0.000000
520.000250 331.000250 0.000000
550.000500 331.999500 0.000000
581.999250 331.999500 0.000000
1371.000750 364.999250 0.000000
1390.999750 364.999250 0.000000
1420.000750 366.000250 0.000000
1344.000000 366.999500 0.000000
1437.000250 366.999500 0.000000
1315.000750 368.999750 0.000000
270.999750 403.000500 0.000000
300.000750 403.000500 0.000000
191.999500 405.000750 0.000000
1024.999500 405.000750 0.000000
158.999750 406.000000 0.000000
1084.000750 406.000000 0.000000
224.000000 408.000250 0.000000
245.999250 408.000250 0.000000
338.999500 408.000250 0.000000
1112.000750 408.000250 0.000000
1129.000250 408.000250 0.000000
951.000750 408.999500 0.000000
1008.000000 408.999500 0.000000
373.000250 410.000500 0.000000
1052.999500 410.000500 0.000000
888.000750 412.000750 0.000000
1427.000750 412.000750 0.000000
401.999500 413.000000 0.000000
861.000000 413.000000 0.000000
972.000750 413.000000 0.000000
1273.000750 413.000000 0.000000
426.000750 413.999250 0.000000
917.999250 413.999250 0.000000
1192.999500 413.999250 0.000000
1488.999750 413.999250 0.000000
531.000750 415.000250 0.000000
564.000500 415.000250 0.000000
826.999250 415.000250 0.000000
1171.000250 415.000250 0.000000
457.999500 415.999500 0.000000
798.999250 415.999500 0.000000
1227.000250 415.999500 0.000000
1339.999500 415.999500 0.000000
1383.000500 415.999500 0.000000
515.000500 417.000500 0.000000
632.000250 417.000500 0.000000
489.000750 419.000750 0.000000
599.000500 419.000750 0.000000
658.000000 419.000750 0.000000
679.999250 419.000750 0.000000
769.000750 419.000750 0.000000
618.000250 420.000000 0.000000
716.000250 420.000000 0.000000
749.000000 420.999250 0.000000
385.000000 443.999500 0.000000
415.999500 445.999750 0.000000
443.000250 450.999500 0.000000
468.000750 450.999500 0.000000
485.000250 452.000500 0.000000
273.000000 468.000750 0.000000
307.000750 473.000500 0.000000
349.000750 475.000750 0.000000
172.999750 476.999250 0.000000
140.000000 478.000250 0.000000
1323.000000 478.999500 0.000000
385.000000 480.999750 0.000000
455.999250 480.999750 0.000000
1091.000750 480.999750 0.000000
415.000250 482.000750 0.000000
1061.000500 482.000750 0.000000
200.000500 483.000000 0.000000
627.999750 483.000000 0.000000
1264.999750 483.000000 0.000000
1463.999250 483.000000 0.000000
868.999250 483.999250 0.000000
1029.999250 483.999250 0.000000
1362.000500 483.999250 0.000000
1404.999750 483.999250 0.000000
1502.000500 483.999250 0.000000
238.000000 485.999500 0.000000
487.999750 485.999500 0.000000
893.000500 485.999500 0.000000
998.999750 485.999500 0.000000
1108.999500 485.999500 0.000000
1437.999500 485.999500 0.000000
221.999750 487.000500 0.000000
560.000000 487.000500 0.000000
749.999250 487.000500 0.000000
854.000000 487.000500 0.000000
1140.000750 487.000500 0.000000
1239.000000 487.000500 0.000000
249.999750 487.999750 0.000000
536.000500 487.999750 0.000000
590.000250 487.999750 0.000000
714.999250 487.999750 0.000000
728.999250 487.999750 0.000000
921.000500 487.999750 0.000000
1171.999500 487.999750 0.000000
940.999500 489.000750 0.000000
959.999250 489.000750 0.000000
1213.000250 489.000750 0.000000
699.000750 490.000000 0.000000
818.000750 490.000000 0.000000
648.999750 490.999250 0.000000
769.000750 490.999250 0.000000
263.999750 492.000250 0.000000
681.000250 492.999500 0.000000
791.000000 494.000500 0.000000
25.999750 525.000000 0.000000
53.000500 525.999250 0.000000
105.999250 525.999250 0.000000
132.000750 525.999250 0.000000
147.999250 525.999250 0.000000
172.000500 525.999250 0.000000
83.000750 527.000250 0.000000
282.000250 527.999500 0.000000
221.000500 529.999750 0.000000
191.000250 531.000750 0.000000
1577.999500 532.999250 0.000000
1600.000500 536.999750 0.000000
342.000750 538.000750 0.000000
361.999750 538.000750 0.000000
1549.000250 539.000000 0.000000
417.999750 539.999250 0.000000
485.000250 539.999250 0.000000
1341.999750 539.999250 0.000000
1616.000750 539.999250 0.000000
524.000750 541.999500 0.000000
1644.000750 541.999500 0.000000
452.000500 543.000500 0.000000
1316.000000 543.999750 0.000000
1371.000750 546.000000 0.000000
1404.000500 546.000000 0.000000
1659.999250 546.000000 0.000000
1680.999250 546.000000 0.000000
1015.000000 546.999250 0.000000
555.000250 548.000250 0.000000
592.999750 548.000250 0.000000
949.999750 548.000250 0.000000
1176.000000 548.000250 0.000000
1220.999500 548.000250 0.000000
840.999250 548.999500 0.000000
882.000000 548.999500 0.000000
1420.000750 548.999500 0.000000
912.000250 550.000500 0.000000
982.999500 550.000500 0.000000
1075.999750 550.000500 0.000000
1152.999750 550.000500 0.000000
1127.999250 550.999750 0.000000
1448.000750 550.999750 0.000000
1512.000000 550.999750 0.000000
774.999750 552.000750 0.000000
791.999250 552.000750 0.000000
639.999500 553.000000 0.000000
812.999250 553.000000 0.000000
1472.000250 553.999250 0.000000
1493.000250 555.000250 0.000000
721.999250 555.999500 0.000000
753.999750 555.999500 0.000000
688.999500 557.999750 0.000000
30.000250 559.000750 0.000000
97.000750 562.000250 0.000000
60.000500 562.999500 0.000000
128.999500 564.000500 0.000000
149.000250 564.000500 0.000000
168.999250 564.999750 0.000000
191.000250 564.999750 0.000000
207.999750 569.000250 0.000000
228.000500 569.999500 0.000000
270.999750 590.999500 0.000000
287.999250 592.999750 0.000000
345.000250 592.999750 0.000000
363.000750 592.999750 0.000000
420.999250 592.999750 0.000000
308.000000 594.000750 0.000000
322.000000 594.000750 0.000000
384.000750 594.000750 0.000000
23.999500 597.000250 0.000000
44.999500 597.999500 0.000000
67.999750 599.999750 0.000000
473.000500 599.999750 0.000000
513.000250 604.999500 0.000000
543.999750 608.000750 0.000000
560.999250 609.999250 0.000000
606.999750 609.999250 0.000000
583.999500 611.000250 0.000000
637.999250 611.000250 0.000000
700.999250 611.000250 0.000000
672.999250 611.999500 0.000000
732.999750 616.000000 0.000000
1197.000000 616.000000 0.000000
1164.999500 616.999250 0.000000
1229.000500 616.999250 0.000000
1260.000000 618.999500 0.000000
840.000000 620.000500 0.000000
972.000750 620.000500 0.000000
1050.000000 620.000500 0.000000
765.000250 620.999750 0.000000
807.999500 620.999750 0.000000
881.000750 620.999750 0.000000
1012.999750 620.999750 0.000000
1122.999500 622.000750 0.000000
1294.000750 622.000750 0.000000
1087.999500 623.999250 0.000000
1323.000000 623.999250 0.000000
907.999750 625.000250 0.000000
1351.000000 625.000250 0.000000
1444.999500 625.000250 0.000000
1504.000750 625.000250 0.000000
942.000500 625.999500 0.000000
1376.999750 627.000500 0.000000
1409.000250 627.999750 0.000000
1477.000000 627.999750 0.000000
126.000000 639.000250 0.000000
74.000500 639.999500 0.000000
100.999500 641.999750 0.000000
151.999750 641.999750 0.000000
174.000750 644.000000 0.000000
37.999500 646.000250 0.000000
203.000000 651.000000 0.000000
294.999250 651.999250 0.000000
219.000250 653.000250 0.000000
443.000250 662.999750 0.000000
420.999250 664.000750 0.000000
340.000500 665.000000 0.000000
389.000500 665.999250 0.000000
466.000500 665.999250 0.000000
364.000000 667.999500 0.000000
490.000000 667.999500 0.000000
518.000000 669.999750 0.000000
553.000000 672.000000 0.000000
1218.999250 674.999500 0.000000
637.999250 678.000750 0.000000
720.000750 678.000750 0.000000
770.000000 678.000750 0.000000
658.999250 679.000000 0.000000
1239.999250 679.000000 0.000000
30.000250 679.999250 0.000000
1353.999500 679.999250 0.000000
1465.999500 679.999250 0.000000
1504.000750 679.999250 0.000000
1404.999750 681.000250 0.000000
49.000000 681.999500 0.000000
1052.000250 681.999500 0.000000
1129.000250 683.000500 0.000000
1276.000250 683.000500 0.000000
1309.000000 683.999750 0.000000
1437.000250 683.999750 0.000000
1084.000750 685.000750 0.000000
1169.000000 685.000750 0.000000
881.000750 686.000000 0.000000
909.000750 686.000000 0.000000
961.000250 686.000000 0.000000
1012.000500 686.000000 0.000000
811.000750 686.999250 0.000000
851.999750 688.000250 0.000000
272.000750 699.000750 0.000000
294.999250 700.999250 0.000000
345.000250 707.000000 0.000000
375.000500 709.000250 0.000000
412.000750 709.999500 0.000000
443.999500 711.000500 0.000000
466.000500 711.000500 0.000000
490.000000 714.000000 0.000000
669.000500 716.999500 0.000000
513.000250 718.000500 0.000000
693.000000 718.000500 0.000000
588.999250 718.999750 0.000000
559.000750 720.000750 0.000000
609.000000 720.000750 0.000000
718.999750 720.000750 0.000000
634.999750 721.000000 0.000000
746.000500 721.000000 0.000000
772.000250 723.000250 0.000000
800.000250 723.999500 0.000000
819.999250 725.999750 0.000000
1264.000500 725.999750 0.000000
1213.000250 727.000750 0.000000
1281.000000 727.000750 0.000000
1187.999750 728.999250 0.000000
1243.999750 728.999250 0.000000
837.999750 730.000250 0.000000
1453.999750 730.000250 0.000000
1129.000250 730.999500 0.000000
1147.000750 732.000500 0.000000
1164.000250 732.000500 0.000000
1059.000250 732.999750 0.000000
1101.999500 732.999750 0.000000
1484.000000 734.000750 0.000000
1511.000750 735.000000 0.000000
658.999250 739.000500 0.000000
697.999750 739.000500 0.000000
751.000250 739.000500 0.000000
882.999250 739.000500 0.000000
928.000500 739.000500 0.000000
959.999250 739.000500 0.000000
972.000750 739.000500 0.000000
1008.999250 739.000500 0.000000
1036.999250 739.000500 0.000000
1533.999250 739.000500 0.000000
674.000250 739.999750 0.000000
723.000250 739.999750 0.000000
732.999750 739.999750 0.000000
793.999500 739.999750 0.000000
917.000000 739.999750 0.000000
1554.999250 742.000000 0.000000
272.000750 742.999250 0.000000
296.999500 742.999250 0.000000
322.000000 746.999750 0.000000
343.999250 749.000000 0.000000
368.000500 749.000000 0.000000
387.999500 749.999250 0.000000
857.142857 730.792411 0.000000
812.857143 741.506696 0.000000
830.000000 740.792411 0.000000
847.857143 740.078125 0.000000
857.857143 740.792411 0.000000
870.714286 740.078125 0.000000
898.571429 741.506696 0.000000
943.571429 739.363839 0.000000
987.857143 739.363839 0.000000
1000.714286 738.649554 0.000000
1021.428571 740.792411 0.000000
1097.142857 741.250000 0.000000
1050.000000 741.250000 0.000000
1078.571429 730.535714 0.000000
1075.714286 741.964286 0.000000
1060.714286 744.040179 0.000000
267.142857 659.285714 0.000000
647.142857 739.587054 0.000000
620.714286 82.779018 0.000000
