0
0
0
0
0
0
0
0
0
0
0
0
0
0
0
0
0
0
0
0
0
0
0
0
0
1
1
1
1
1
1
1
1
1
1
2
3
3
3
3
3
3
3
2
2
2
2
2
2
2
2
2
2
2
2
2
2
4
4
4
4
4
4
4
4
4
4
4
4
4
4
4
4
4
4
4
4
4
4
4
4
4
4
4
4
4
4
4
4
4
4
4
4
4
4
4
4
4
4
4
4
4
5
5
5
5
5
5
6
6
6
6
6
6
6
6
6
6
6
6
6
6
6
6
6
6
6
6
6
6
6
6
6
6
6
6
6
6
6
6
6
6
6
6
6
6
6
7
7
7
7
7
7
7
8
8
8
8
8
8
8
8
8
8
8
8
8
8
8
8
8
8
8
8
8
8
8
8
8
8
8
8
8
8
8
8
8
8
8
8
8
8
8
8
9
9
9
9
9
9
9
9
9
9
9
9
9
9
9
9
9
9
9
9
9
9
9
9
9
9
9
9
9
9
9
9
9
9
9
9
9
9
9
9
9
9
9
9
9
9
10
10
10
10
10
10
11
11
12
11
12
11
12
12
11
11
11
11
11
11
11
11
11
11
11
11
11
11
11
11
11
11
11
11
11
11
11
11
11
11
11
11
11
11
11
11
11
11
11
11
13
13
13
13
13
14
14
14
15
15
14
14
14
14
14
14
15
14
14
14
14
14
14
14
14
15
14
14
14
14
14
15
14
14
14
14
14
15
14
14
14
14
14
14
14
14
14
14
14
14
14
15
14
14
16
16
16
16
16
16
16
17
16
16
18
18
17
17
18
17
17
17
18
17
18
17
17
17
17
18
18
17
17
17
17
17
17
17
17
17
17
17
17
17
17
17
17
17
17
17
17
17
17
17
17
17
19
19
19
19
19
19
19
19
19
20
20
20
20
20
20
20
20
21
21
21
20
20
20
20
20
20
20
20
20
20
20
20
20
20
20
20
20
20
20
20
20
20
20
20
20
20
20
20
20
20
20
20
20
22
22
22
22
22
22
22
23
22
23
23
23
23
23
23
23
23
23
23
23
23
23
23
23
24
23
23
23
23
24
23
23
23
23
23
23
23
23
23
23
23
23
23
25
25
25
25
25
25
25
25
26
25
26
26
26
26
26
26
26
26
26
26
27
27
27
27
27
26
28
27
27
27
27
27
28
28
29
29
29
29
29
29
29
29
29
28
29
29
29
29
29
28
30
30
30
30
30
30
26
29
29
29
29
29
29
29
29
29
29
29
29
27
29
29
23
29
2
