1
1
1
1
1
1
1
1
1
1
1
1
1
1
1
1
1
1
1
1
1
1
1
1
1
5
5
5
5
5
5
5
5
5
5
6
7
7
7
7
7
7
7
6
6
6
6
6
6
6
6
6
6
6
6
6
6
2
2
2
2
2
2
2
2
2
2
2
2
2
2
2
2
2
2
2
2
2
2
2
2
2
2
2
2
2
2
2
2
2
2
2
2
2
2
2
2
2
2
2
2
2
8
8
8
8
8
8
2
2
2
2
2
2
2
2
2
2
2
2
2
2
2
2
2
2
2
2
2
2
2
2
2
2
2
2
2
2
2
2
2
2
2
2
2
2
2
9
9
9
9
9
9
9
2
2
2
2
2
2
2
2
2
2
2
2
2
2
2
2
2
2
2
2
2
2
2
2
2
2
2
2
2
2
2
2
2
2
2
2
2
2
2
2
2
2
2
2
2
2
2
2
2
2
2
2
2
2
2
2
2
2
2
2
2
2
2
2
2
2
2
2
2
2
2
2
2
2
2
2
2
2
2
2
2
2
2
2
2
2
10
10
10
10
10
10
2
2
0
2
0
2
0
0
2
2
2
2
2
2
2
2
2
2
2
2
2
2
2
2
2
2
2
2
2
2
2
2
2
2
2
2
2
2
2
2
2
2
2
2
11
11
11
11
11
2
2
2
12
12
2
2
2
2
2
2
12
2
2
2
2
2
2
2
2
12
2
2
2
2
2
12
2
2
2
2
2
12
2
2
2
2
2
2
2
2
2
2
2
2
2
12
2
2
3
3
3
3
3
3
3
2
3
3
13
13
2
2
13
2
2
2
13
2
13
2
2
2
2
13
13
2
2
2
2
2
2
2
2
2
2
2
2
2
2
2
2
2
2
2
2
2
2
2
2
2
3
3
3
3
3
3
3
3
3
2
2
2
2
2
2
2
2
3
3
3
2
2
2
2
2
2
2
2
2
2
2
2
2
2
2
2
2
2
2
2
2
2
2
2
2
2
2
2
2
2
2
2
2
4
4
4
4
4
4
4
2
4
2
2
2
2
2
2
2
2
2
2
2
2
2
2
2
4
2
2
2
2
4
2
2
2
2
2
2
2
2
2
2
2
2
2
14
14
14
14
14
14
14
14
15
14
15
15
15
15
15
15
15
15
15
15
16
16
16
16
16
15
17
16
16
16
16
16
17
17
18
18
18
18
18
18
18
18
18
17
18
18
18
18
18
17
19
19
19
19
19
19
15
18
18
18
18
18
18
18
18
18
18
18
18
16
18
18
2
18
6
