214 230
26 30
59 64
509 511
687 688
318 324
358 360
118 122
439 443
418 420
40 41
490 497
132 133
210 232
192 193
362 366
661 662
44 47
591 594
575 577
424 426
51 73
468 469
106 107
217 231
694 695
265 280
365 367
155 167
576 578
624 627
409 410
465 472
177 185
318 319
269 277
350 351
199 200
159 164
80 81
220 241
550 552
351 352
383 384
380 397
292 293
133 138
384 385
416 417
627 628
302 315
645 654
644 698
298 299
147 148
406 408
220 227
168 189
21 27
693 694
582 588
172 186
623 625
273 274
505 508
667 668
302 310
158 162
608 609
276 285
568 573
486 494
457 458
55 60
668 669
306 307
279 290
430 450
538 541
250 254
157 175
58 62
609 610
160 189
479 491
272 287
331 336
598 600
590 596
54 55
146 147
475 484
453 456
165 169
615 616
534 539
87 88
675 676
468 472
537 544
648 649
120 121
557 558
180 181
630 637
50 62
649 650
390 399
272 273
309 313
442 446
563 565
412 414
94 95
102 108
512 519
674 679
382 400
3 4
413 415
154 164
612 615
35 36
246 247
95 96
505 507
143 145
534 543
338 339
9 11
187 188
216 224
36 37
117 120
356 365
128 129
157 165
209 212
371 372
419 421
228 234
90 93
301 304
153 158
603 605
161 171
404 405
331 335
452 454
282 290
493 501
345 346
556 557
194 195
202 208
364 368
135 136
5 8
127 132
378 379
256 264
327 333
300 316
530 531
209 216
636 661
622 623
260 261
101 106
134 140
161 166
261 262
91 98
253 258
485 492
552 554
382 390
463 464
385 386
16 22
223 235
283 286
677 680
294 295
375 378
618 621
256 259
17 23
515 519
689 690
624 682
389 398
570 571
160 169
270 288
42 52
492 499
511 512
540 548
134 135
652 655
433 440
611 617
75 76
663 664
411 412
123 125
696 697
655 656
610 612
637 638
567 570
353 699
599 602
159 187
688 689
670 671
142 143
12 15
39 41
441 448
433 444
222 242
541 544
13 16
175 176
585 587
24 25
474 481
56 66
45 66
108 113
359 360
67 72
695 696
618 620
167 168
49 54
149 150
477 482
218 231
30 31
289 291
200 201
333 334
20 23
4 6
592 594
640 643
141 142
271 279
473 475
112 115
514 522
303 320
525 531
204 207
673 676
45 61
307 308
5 6
226 240
86 89
248 249
658 660
118 121
459 460
536 545
418 419
389 392
19 26
148 149
513 516
454 457
632 634
481 483
591 593
392 393
514 517
196 198
122 123
487 490
576 577
56 65
425 426
595 599
558 559
67 71
366 367
358 363
337 340
499 500
458 459
348 349
429 432
170 190
63 64
391 396
532 533
602 607
362 369
221 241
203 205
44 50
144 146
173 182
162 191
435 438
252 255
606 613
37 38
476 485
373 374
495 498
317 321
506 507
174 183
166 179
587 590
465 466
480 482
406 407
48 61
542 551
513 515
111 117
650 651
332 341
14 22
233 237
683 684
196 197
675 680
643 657
487 489
288 289
325 338
247 248
155 183
266 270
18 19
77 83
129 130
100 103
262 263
221 222
631 633
569 572
690 691
110 116
451 455
25 27
332 336
295 296
173 181
376 379
424 428
103 104
395 401
150 701
484 488
236 237
435 446
85 86
516 520
539 540
177 178
136 137
347 348
549 553
528 530
69 74
328 343
301 326
380 381
372 377
10 15
151 152
464 469
102 107
321 322
81 84
243 244
413 414
51 52
656 657
432 436
43 57
553 555
354 355
524 528
325 328
476 488
235 236
438 443
417 420
250 252
660 663
387 388
128 137
520 521
29 33
601 604
77 82
40 42
450 453
498 502
442 449
571 572
461 462
631 641
431 439
383 399
284 286
32 34
564 569
664 665
497 506
394 395
17 18
605 606
386 391
430 434
478 483
697 698
368 370
578 579
99 105
638 639
180 188
579 580
320 329
10 14
671 672
342 344
213 230
523 526
434 445
275 281
254 258
375 377
87 90
124 139
545 550
645 646
357 359
589 593
28 31
227 240
109 114
449 451
546 551
678 679
58 68
268 277
393 394
153 156
619 620
91 92
423 425
334 335
110 114
634 636
504 508
213 225
224 225
32 33
305 317
564 568
202 206
105 112
304 330
176 190
597 601
57 71
486 495
538 542
257 263
460 461
98 99
341 342
101 104
401 402
441 447
282 283
493 494
131 141
633 635
305 312
72 73
53 69
474 480
43 46
315 316
644 653
215 229
526 527
677 678
46 48
496 504
65 70
49 53
138 140
76 79
308 313
109 113
559 560
408 409
427 431
319 340
500 501
309 314
268 276
581 584
349 350
560 561
171 191
563 566
271 278
684 685
115 119
533 543
625 626
24 28
466 471
323 324
215 233
445 448
685 686
566 567
267 280
415 416
38 39
264 265
208 212
629 632
437 440
371 373
79 85
691 692
219 226
532 546
592 597
473 478
692 693
234 242
573 574
355 361
665 666
223 232
547 549
267 275
574 575
518 522
444 447
285 292
666 667
496 503
607 608
0 681
400 404
201 204
521 523
322 323
640 641
352 354
470 477
403 405
525 529
614 616
314 327
296 297
174 182
388 398
78 83
297 298
467 700
329 330
89 92
178 179
300 303
306 337
130 139
186 192
421 422
238 239
170 184
11 20
111 116
163 172
422 423
60 70
211 239
311 326
1 2
363 364
244 245
455 456
93 94
547 548
396 397
428 429
245 246
229 238
126 127
59 74
658 662
97 100
218 219
628 630
251 253
672 673
119 124
529 535
151 156
82 84
581 582
402 403
281 293
613 614
642 659
311 312
255 259
554 555
376 387
646 647
344 345
214 217
193 194
436 437
647 648
269 278
369 374
588 589
580 585
251 257
510 517
210 228
561 562
184 185
598 611
621 622
203 207
653 654
470 471
502 503
125 126
535 537
583 586
583 595
34 35
635 642
524 527
686 687
7 8
