175.000000 63.000000 0.000000
133.999250 69.000750 0.000000
111.000750 72.999500 0.000000
546.000000 84.999250 0.000000
520.000250 88.000500 0.000000
461.000750 88.999750 0.000000
490.999250 88.999750 0.000000
403.000500 91.000000 0.000000
433.000750 91.999250 0.000000
238.999250 116.000500 0.000000
158.000500 116.999750 0.000000
258.000750 118.000750 0.000000
202.000750 119.000000 0.000000
46.999750 119.999250 0.000000
130.999750 119.999250 0.000000
179.999750 119.999250 0.000000
74.999750 121.000250 0.000000
310.000250 121.000250 0.000000
331.000250 121.000250 0.000000
357.000000 121.000250 0.000000
270.000500 121.999500 0.000000
567.999250 121.999500 0.000000
104.000750 123.999750 0.000000
286.000750 123.999750 0.000000
511.000000 125.000750 0.000000
525.000000 125.000750 0.000000
375.000500 126.000000 0.000000
546.999250 126.999250 0.000000
478.000250 128.000250 0.000000
1505.999250 130.000500 0.000000
401.000250 130.999750 0.000000
434.000000 130.999750 0.000000
1470.000000 130.999750 0.000000
1488.000500 130.999750 0.000000
1444.999500 133.999250 0.000000
1411.000500 137.000500 0.000000
1381.000250 140.000000 0.000000
1346.999500 140.999250 0.000000
1320.999750 147.000000 0.000000
1290.000250 147.999250 0.000000
1234.999500 149.999500 0.000000
1262.000250 149.999500 0.000000
1204.000000 151.999750 0.000000
902.000750 153.000750 0.000000
69.000750 154.000000 0.000000
735.999250 154.000000 0.000000
872.999750 154.000000 0.000000
44.000250 156.000250 0.000000
835.999500 156.000250 0.000000
503.000750 156.999500 0.000000
114.999500 158.000500 0.000000
1134.999250 158.000500 0.000000
1164.999500 158.000500 0.000000
473.000500 158.999750 0.000000
532.999250 158.999750 0.000000
567.000000 158.999750 0.000000
674.999500 158.999750 0.000000
930.000750 158.999750 0.000000
172.000500 160.000750 0.000000
333.999750 160.000750 0.000000
595.999250 160.000750 0.000000
784.999250 160.000750 0.000000
149.999500 161.000000 0.000000
249.000500 161.999250 0.000000
300.000750 161.999250 0.000000
646.000250 161.999250 0.000000
697.999750 161.999250 0.000000
991.000500 163.000250 0.000000
203.000000 163.999500 0.000000
431.000500 163.999500 0.000000
618.000250 163.999500 0.000000
952.999250 163.999500 0.000000
1049.000750 163.999500 0.000000
1071.000000 165.000500 0.000000
392.999250 165.999750 0.000000
1514.000250 177.999500 0.000000
1488.000500 182.000000 0.000000
1665.000750 182.999250 0.000000
1717.999500 182.999250 0.000000
1458.999500 184.000250 0.000000
1568.000000 184.000250 0.000000
1596.000000 184.999500 0.000000
1642.000500 184.999500 0.000000
1693.000750 184.999500 0.000000
1619.000250 186.000500 0.000000
1416.999500 186.999750 0.000000
1385.000750 189.999250 0.000000
84.999250 193.999750 0.000000
55.000750 195.000750 0.000000
1348.999750 195.000750 0.000000
109.000500 196.999250 0.000000
1283.999500 196.999250 0.000000
1316.999250 196.999250 0.000000
142.000250 198.000250 0.000000
167.000750 198.000250 0.000000
186.999750 200.000500 0.000000
216.000750 200.999750 0.000000
247.000250 200.999750 0.000000
1259.000750 202.000750 0.000000
1220.999500 203.000000 0.000000
272.000750 205.000250 0.000000
364.000000 205.999500 0.000000
496.000750 205.999500 0.000000
296.000250 207.000500 0.000000
319.999750 207.999750 0.000000
1183.999250 207.999750 0.000000
429.000250 209.000750 0.000000
461.000750 209.000750 0.000000
534.000250 209.000750 0.000000
597.999500 209.000750 0.000000
655.000500 209.000750 0.000000
711.000500 209.000750 0.000000
1150.999500 209.000750 0.000000
567.000000 210.000000 0.000000
627.999750 210.000000 0.000000
1133.000750 210.999250 0.000000
679.999250 212.000250 0.000000
741.000750 212.000250 0.000000
795.999750 212.000250 0.000000
1117.999750 212.000250 0.000000
758.000250 212.999500 0.000000
777.999250 212.999500 0.000000
814.999500 212.999500 0.000000
830.000500 214.000500 0.000000
1099.000000 214.000500 0.000000
847.999250 214.999750 0.000000
868.000000 214.999750 0.000000
888.000750 214.999750 0.000000
1026.999750 216.000750 0.000000
1045.999500 216.000750 0.000000
1061.999750 216.000750 0.000000
1558.999750 216.000750 0.000000
903.000000 217.000000 0.000000
917.999250 217.000000 0.000000
963.999750 217.000000 0.000000
982.000250 217.000000 0.000000
998.999750 217.000000 0.000000
1010.000250 217.000000 0.000000
935.000500 217.999250 0.000000
1075.999750 217.999250 0.000000
951.000750 219.000250 0.000000
1584.000250 223.000750 0.000000
1614.000500 223.000750 0.000000
1628.999750 226.000250 0.000000
46.999750 226.999500 0.000000
1647.000250 228.999750 0.000000
79.999500 231.000000 0.000000
111.000750 231.999250 0.000000
137.000500 233.999500 0.000000
168.000000 233.999500 0.000000
191.999500 238.000000 0.000000
1490.000750 256.999750 0.000000
1526.000000 256.999750 0.000000
1411.999750 259.000000 0.000000
273.999250 263.000500 0.000000
648.999750 263.000500 0.000000
1448.000750 263.000500 0.000000
889.000000 263.999750 0.000000
1362.999750 263.999750 0.000000
343.000000 265.000750 0.000000
770.999250 265.000750 0.000000
1225.000000 265.000750 0.000000
1316.999250 265.000750 0.000000
53.999750 266.000000 0.000000
303.000250 266.000000 0.000000
851.999750 266.000000 0.000000
1192.999500 266.000000 0.000000
685.000750 266.999250 0.000000
711.000500 266.999250 0.000000
818.000750 266.999250 0.000000
1012.999750 266.999250 0.000000
1253.000000 266.999250 0.000000
86.000250 268.000250 0.000000
518.999250 268.000250 0.000000
569.999500 268.000250 0.000000
933.000250 268.000250 0.000000
966.000000 268.000250 0.000000
1087.999500 268.000250 0.000000
1124.000500 268.000250 0.000000
1161.000750 268.000250 0.000000
445.000500 268.999500 0.000000
483.000000 268.999500 0.000000
545.000750 268.999500 0.000000
604.999500 268.999500 0.000000
1040.999750 268.999500 0.000000
1068.999750 268.999500 0.000000
121.000250 270.000500 0.000000
378.999250 270.000500 0.000000
410.000500 270.000500 0.000000
739.999750 270.000500 0.000000
991.999750 270.000500 0.000000
1287.000750 270.000500 0.000000
147.999250 273.999250 0.000000
165.999750 275.999500 0.000000
182.000000 275.999500 0.000000
202.000750 277.999750 0.000000
1607.000500 291.999750 0.000000
1574.000750 293.000750 0.000000
1645.000000 296.999500 0.000000
46.999750 298.999750 0.000000
65.999500 300.000750 0.000000
97.000750 305.999750 0.000000
273.999250 308.000000 0.000000
175.000000 308.999250 0.000000
126.000000 310.000250 0.000000
200.000500 310.000250 0.000000
244.000750 310.000250 0.000000
151.999750 310.999500 0.000000
319.000500 312.000500 0.000000
436.000250 315.999250 0.000000
1141.000000 315.999250 0.000000
1505.000000 315.999250 0.000000
370.000750 319.000500 0.000000
587.000750 319.000500 0.000000
639.000250 319.000500 0.000000
1337.999250 319.000500 0.000000
485.000250 319.999750 0.000000
676.000500 319.999750 0.000000
732.999750 319.999750 0.000000
760.999750 319.999750 0.000000
879.999750 319.999750 0.000000
949.000500 319.999750 0.000000
975.999500 319.999750 0.000000
1192.999500 319.999750 0.000000
513.000250 321.000750 0.000000
550.000500 321.000750 0.000000
795.999750 321.000750 0.000000
853.000750 321.000750 0.000000
1071.999250 321.000750 0.000000
1372.999250 321.000750 0.000000
606.999750 322.000000 0.000000
704.000500 322.000000 0.000000
1173.000500 322.000000 0.000000
1316.999250 322.000000 0.000000
1029.999250 322.999250 0.000000
1220.000250 322.999250 0.000000
1239.999250 322.999250 0.000000
1276.000250 322.999250 0.000000
1421.000000 322.999250 0.000000
1456.000000 322.999250 0.000000
826.000000 324.000250 0.000000
910.999250 324.000250 0.000000
996.999500 324.000250 0.000000
53.999750 336.000000 0.000000
77.999250 340.999750 0.000000
114.000250 347.000500 0.000000
135.999500 347.999750 0.000000
163.000250 350.999250 0.000000
184.000250 352.000250 0.000000
210.000000 352.999500 0.000000
562.000250 363.000750 0.000000
420.999250 366.999500 0.000000
597.999500 366.999500 0.000000
497.999250 368.000500 0.000000
539.999250 368.000500 0.000000
634.000500 368.000500 0.000000
704.000500 368.999750 0.000000
378.000000 370.000750 0.000000
525.000000 370.000750 0.000000
669.999750 370.000750 0.000000
251.000750 371.999250 0.000000
280.000000 371.999250 0.000000
312.999750 371.999250 0.000000
343.000000 371.999250 0.000000
784.999250 371.999250 0.000000
823.000500 373.000250 0.000000
46.999750 373.999500 0.000000
926.999500 375.999750 0.000000
1150.999500 375.999750 0.000000
1213.000250 377.000750 0.000000
83.000750 378.000000 0.000000
1297.000250 378.000000 0.000000
1589.999250 378.000000 0.000000
1619.999500 378.000000 0.000000
1656.000500 378.000000 0.000000
966.000000 378.999250 0.000000
1119.000750 378.999250 0.000000
1176.999250 378.999250 0.000000
1248.000250 378.999250 0.000000
1341.000500 378.999250 0.000000
891.999500 380.000250 0.000000
1000.000750 380.000250 0.000000
1407.999250 380.000250 0.000000
1451.000250 380.000250 0.000000
1525.000750 380.000250 0.000000
1085.999250 380.999500 0.000000
1498.000000 380.999500 0.000000
1567.000750 380.999500 0.000000
132.000750 382.000500 0.000000
156.999500 382.000500 0.000000
1367.999500 382.000500 0.000000
196.000000 384.000750 0.000000
1054.999750 384.000750 0.000000
1040.000500 385.999250 0.000000
46.000500 410.999750 0.000000
76.000750 413.000000 0.000000
112.000000 415.000250 0.000000
151.000500 420.000000 0.000000
184.000250 420.000000 0.000000
205.999500 424.000500 0.000000
464.000250 424.000500 0.000000
637.000000 424.000500 0.000000
315.999250 427.000000 0.000000
497.000000 427.000000 0.000000
609.000000 427.000000 0.000000
718.999750 427.000000 0.000000
993.000750 427.000000 0.000000
1019.999750 427.000000 0.000000
1047.999750 427.000000 0.000000
1110.999750 427.000000 0.000000
277.000500 427.999250 0.000000
685.000750 427.999250 0.000000
704.000500 427.999250 0.000000
1078.000000 427.999250 0.000000
1159.000500 427.999250 0.000000
354.999750 429.000250 0.000000
408.999500 429.000250 0.000000
742.000000 429.000250 0.000000
863.000250 429.000250 0.000000
888.000750 429.000250 0.000000
532.000000 429.999500 0.000000
772.999500 429.999500 0.000000
790.000750 429.999500 0.000000
809.999750 429.999500 0.000000
832.000750 429.999500 0.000000
1642.000500 429.999500 0.000000
667.999500 431.000500 0.000000
1190.000000 431.000500 0.000000
1666.000000 431.000500 0.000000
555.999500 431.999750 0.000000
578.000500 431.999750 0.000000
1316.999250 431.999750 0.000000
1397.000500 431.999750 0.000000
1217.000750 433.000750 0.000000
1248.000250 433.000750 0.000000
1278.000500 433.000750 0.000000
1353.999500 433.000750 0.000000
951.000750 434.000000 0.000000
1612.999500 434.000000 0.000000
1581.000750 434.999250 0.000000
930.000750 436.000250 0.000000
1432.000500 436.000250 0.000000
1463.999250 436.000250 0.000000
1707.000750 436.000250 0.000000
1490.000750 436.999500 0.000000
1505.999250 436.999500 0.000000
1528.999500 436.999500 0.000000
48.000750 448.999250 0.000000
77.999250 452.000500 0.000000
98.000000 455.000000 0.000000
125.000750 457.000250 0.000000
140.000000 459.000500 0.000000
158.000500 459.999750 0.000000
650.000750 461.000750 0.000000
179.000500 464.000250 0.000000
195.000750 469.000000 0.000000
252.999250 469.999250 0.000000
1567.000750 471.000250 0.000000
1635.999750 471.999500 0.000000
1582.999250 473.000500 0.000000
1612.000250 473.000500 0.000000
210.000000 473.999750 0.000000
354.999750 475.000750 0.000000
1659.999250 475.000750 0.000000
1684.000500 475.000750 0.000000
280.000000 476.000000 0.000000
331.000250 476.000000 0.000000
303.999500 478.999500 0.000000
1703.999500 478.999500 0.000000
401.999500 480.000500 0.000000
1726.999750 480.999750 0.000000
524.000750 482.000750 0.000000
550.999750 483.999250 0.000000
485.999500 485.000250 0.000000
450.000250 485.999500 0.000000
618.000250 485.999500 0.000000
704.000500 485.999500 0.000000
583.000250 487.000500 0.000000
644.999250 489.000750 0.000000
671.000750 489.000750 0.000000
1488.999750 490.000000 0.000000
1521.000250 490.000000 0.000000
1145.999750 490.999250 0.000000
1227.000250 490.999250 0.000000
1285.000500 490.999250 0.000000
1339.999500 490.999250 0.000000
1372.999250 490.999250 0.000000
742.999250 492.000250 0.000000
770.000000 492.000250 0.000000
856.000250 492.000250 0.000000
1169.000000 492.000250 0.000000
1397.999750 492.000250 0.000000
879.999750 492.999500 0.000000
905.999500 492.999500 0.000000
928.000500 492.999500 0.000000
952.000000 492.999500 0.000000
1423.000250 492.999500 0.000000
1455.000750 492.999500 0.000000
805.000000 494.000500 0.000000
1192.999500 494.000500 0.000000
1122.000250 494.999750 0.000000
980.000000 496.000750 0.000000
1015.000000 496.000750 0.000000
1047.999750 497.000000 0.000000
1098.000750 497.000000 0.000000
1073.999500 497.999250 0.000000
93.999500 501.000500 0.000000
60.999750 501.999750 0.000000
119.999250 504.999250 0.000000
140.999250 506.000250 0.000000
154.000000 506.999500 0.000000
249.000500 520.999500 0.000000
277.999750 520.999500 0.000000
333.999750 522.000500 0.000000
303.999500 522.999750 0.000000
352.999500 524.000750 0.000000
380.000250 524.000750 0.000000
403.000500 527.000250 0.000000
462.000000 529.000500 0.000000
497.999250 529.999750 0.000000
429.999500 532.000000 0.000000
527.999500 532.000000 0.000000
566.000750 534.000250 0.000000
583.999500 534.999500 0.000000
686.000000 536.000500 0.000000
618.999500 538.000750 0.000000
648.000500 538.000750 0.000000
1540.999250 539.000000 0.000000
751.000250 541.000250 0.000000
791.000000 541.999500 0.000000
1155.000000 543.000500 0.000000
1523.000500 543.000500 0.000000
833.999250 543.999750 0.000000
952.999250 545.000750 0.000000
1124.999750 545.000750 0.000000
1409.999500 545.000750 0.000000
872.999750 546.000000 0.000000
896.999250 546.000000 0.000000
1449.000000 546.000000 0.000000
1504.000750 546.000000 0.000000
919.999500 546.999250 0.000000
1035.000750 546.999250 0.000000
1357.000750 546.999250 0.000000
1484.000000 546.999250 0.000000
977.000500 548.000250 0.000000
1096.999750 548.000250 0.000000
1378.000750 548.000250 0.000000
1007.000750 548.999500 0.000000
1063.000750 548.999500 0.000000
1334.999750 548.999500 0.000000
1192.999500 550.000500 0.000000
1306.000500 550.999750 0.000000
53.000500 552.000750 0.000000
1218.999250 552.000750 0.000000
77.999250 553.000000 0.000000
1271.999750 553.000000 0.000000
1241.999500 555.000250 0.000000
102.999750 557.000500 0.000000
137.000500 559.000750 0.000000
156.999500 560.999250 0.000000
170.999500 560.999250 0.000000
193.000500 562.999500 0.000000
212.000250 564.999750 0.000000
256.000500 574.000000 0.000000
284.999750 574.000000 0.000000
431.000500 576.000250 0.000000
448.999250 576.999500 0.000000
1633.999500 578.000500 0.000000
357.000000 578.999750 0.000000
322.000000 581.000000 0.000000
492.000250 581.000000 0.000000
471.999500 581.999250 0.000000
389.999750 583.000250 0.000000
758.999500 583.000250 0.000000
595.999250 583.999500 0.000000
793.000250 585.999750 0.000000
900.000500 585.999750 0.000000
525.999250 587.000750 0.000000
686.000000 587.000750 0.000000
56.000000 588.000000 0.000000
567.999250 588.000000 0.000000
632.000250 588.000000 0.000000
543.000500 588.999250 0.000000
655.000500 588.999250 0.000000
830.999750 588.999250 0.000000
928.999750 588.999250 0.000000
1122.000250 590.000250 0.000000
1493.000250 590.000250 0.000000
867.000750 590.999500 0.000000
1514.000250 590.999500 0.000000
1456.000000 592.000500 0.000000
98.999250 592.999750 0.000000
954.999500 592.999750 0.000000
1064.000000 594.000750 0.000000
1092.999250 594.000750 0.000000
1152.000500 594.000750 0.000000
1260.999250 594.000750 0.000000
1435.999250 594.000750 0.000000
1180.000500 595.000000 0.000000
970.000500 595.999250 0.000000
996.000250 595.999250 0.000000
1031.999500 595.999250 0.000000
1204.999250 595.999250 0.000000
1229.000500 595.999250 0.000000
1287.000750 595.999250 0.000000
1332.999500 595.999250 0.000000
1392.000750 595.999250 0.000000
1358.999250 597.999500 0.000000
1304.999500 599.000500 0.000000
254.999500 618.000250 0.000000
63.000000 620.000500 0.000000
289.999500 620.000500 0.000000
317.000250 620.999750 0.000000
406.999250 623.999250 0.000000
133.999250 625.000250 0.000000
371.999250 625.000250 0.000000
431.000500 625.000250 0.000000
100.000250 625.999500 0.000000
193.999750 625.999500 0.000000
340.999750 625.999500 0.000000
473.000500 627.999750 0.000000
508.000500 627.999750 0.000000
161.000000 629.000750 0.000000
546.000000 630.000000 0.000000
627.000500 630.999250 0.000000
767.000500 630.999250 0.000000
581.999250 632.000250 0.000000
602.999250 632.999500 0.000000
669.999750 634.999750 0.000000
791.000000 634.999750 0.000000
686.999250 636.000750 0.000000
735.000000 636.000750 0.000000
1029.999250 637.000000 0.000000
1052.999500 637.000000 0.000000
1106.000000 637.000000 0.000000
816.999750 637.999250 0.000000
1511.000750 639.000250 0.000000
844.000500 639.999500 0.000000
912.000250 639.999500 0.000000
1138.000500 641.000500 0.000000
1157.999500 641.000500 0.000000
882.999250 641.999750 0.000000
942.999750 641.999750 0.000000
1071.000000 641.999750 0.000000
865.999750 643.000750 0.000000
1479.999500 643.000750 0.000000
1005.999750 644.000000 0.000000
1246.000000 644.000000 0.000000
1204.999250 646.000250 0.000000
1281.000000 646.999500 0.000000
1453.999750 646.999500 0.000000
973.999250 648.000500 0.000000
1421.000000 648.999750 0.000000
1316.000000 650.000750 0.000000
1383.000500 650.000750 0.000000
1346.000250 653.000250 0.000000
58.000250 655.000500 0.000000
93.000250 658.000000 0.000000
119.000000 658.999250 0.000000
142.000250 662.999750 0.000000
172.999750 662.999750 0.000000
191.999500 667.000250 0.000000
212.000250 667.000250 0.000000
277.000500 667.000250 0.000000
424.000500 667.999500 0.000000
249.999750 669.000500 0.000000
296.000250 669.999750 0.000000
317.000250 669.999750 0.000000
448.000000 669.999750 0.000000
405.000750 671.000750 0.000000
336.999250 672.000000 0.000000
357.000000 672.000000 0.000000
378.999250 672.000000 0.000000
489.000750 672.000000 0.000000
515.999750 672.000000 0.000000
539.000000 672.999250 0.000000
581.999250 672.999250 0.000000
557.999750 674.000250 0.000000
611.000250 676.999750 0.000000
641.000500 676.999750 0.000000
660.000250 679.000000 0.000000
793.999500 679.000000 0.000000
816.000500 679.000000 0.000000
1085.000000 679.999250 0.000000
769.000750 681.000250 0.000000
674.000250 681.999500 0.000000
1056.000750 683.000500 0.000000
695.999500 683.999750 0.000000
837.999750 683.999750 0.000000
853.000750 685.000750 0.000000
714.000000 686.000000 0.000000
889.000000 686.999250 0.000000
938.999250 686.999250 0.000000
868.999250 688.000250 0.000000
907.000500 688.000250 0.000000
1115.999500 688.000250 0.000000
734.000750 690.000500 0.000000
963.000500 690.999750 0.000000
90.000750 693.000000 0.000000
1152.000500 693.000000 0.000000
56.999250 693.999250 0.000000
982.000250 693.999250 0.000000
1178.000250 693.999250 0.000000
1456.999250 693.999250 0.000000
1001.999250 695.000250 0.000000
1430.000250 695.000250 0.000000
1404.999750 697.000500 0.000000
1201.999750 699.000750 0.000000
1229.999750 699.000750 0.000000
1259.000750 699.000750 0.000000
1283.000250 700.999250 0.000000
116.999750 702.000250 0.000000
1311.999500 702.000250 0.000000
1379.999250 702.000250 0.000000
1362.000500 702.999500 0.000000
1332.999500 704.999750 0.000000
1348.000500 706.000750 0.000000
140.999250 707.000000 0.000000
496.000750 716.999500 0.000000
443.999500 718.000500 0.000000
468.000750 718.000500 0.000000
529.999750 720.000750 0.000000
566.000750 721.999250 0.000000
597.999500 723.999500 0.000000
709.000250 723.999500 0.000000
625.999500 727.000750 0.000000
646.000250 728.999250 0.000000
737.000250 730.000250 0.000000
760.999750 732.000500 0.000000
247.999500 735.000000 0.000000
784.000000 735.000000 0.000000
1507.999500 735.999250 0.000000
266.000000 737.000250 0.000000
1542.999500 737.000250 0.000000
298.999750 739.000500 0.000000
1579.000500 739.000500 0.000000
329.999250 739.999750 0.000000
812.000000 739.999750 0.000000
823.000500 739.999750 0.000000
844.999750 739.999750 0.000000
1449.000000 739.999750 0.000000
1469.000750 741.000750 0.000000
1612.000250 741.000750 0.000000
1425.000500 742.000000 0.000000
870.999500 742.999250 0.000000
952.999250 742.999250 0.000000
977.000500 742.999250 0.000000
1008.000000 742.999250 0.000000
1029.000000 742.999250 0.000000
1057.999250 742.999250 0.000000
1078.000000 742.999250 0.000000
1094.000250 742.999250 0.000000
1306.999750 742.999250 0.000000
882.000000 744.000250 0.000000
917.000000 744.000250 0.000000
1341.000500 744.000250 0.000000
1353.999500 744.000250 0.000000
1392.000750 744.000250 0.000000
403.999750 744.999500 0.000000
1638.999250 744.999500 0.000000
433.000750 746.000500 0.000000
357.999250 746.999750 0.000000
384.000750 746.999750 0.000000
459.999750 751.000250 0.000000
487.999750 753.000500 0.000000
504.999250 753.000500 0.000000
529.999750 758.000250 0.000000
569.000250 758.000250 0.000000
599.999750 762.000750 0.000000
627.000500 762.000750 0.000000
655.999750 767.000500 0.000000
679.000000 767.000500 0.000000
711.999750 769.000750 0.000000
749.000000 770.000000 0.000000
928.000500 770.000000 0.000000
819.999250 770.999250 0.000000
784.999250 772.999500 0.000000
868.000000 772.999500 0.000000
889.000000 772.999500 0.000000
905.999500 772.999500 0.000000
840.999250 774.000500 0.000000
195.714750 63.572250 0.000000
679.999250 724.286500 0.000000
649.285000 743.258250 0.000000
663.572000 743.258250 0.000000
675.713500 743.974000 0.000000
691.428500 743.974000 0.000000
702.142000 743.974000 0.000000
714.999250 743.258250 0.000000
725.714500 743.258250 0.000000
742.143500 742.544250 0.000000
756.428750 741.830250 0.000000
774.999750 741.830250 0.000000
788.571000 741.830250 0.000000
800.000250 741.830250 0.000000
817.857250 746.116000 0.000000
828.570750 746.116000 0.000000
849.285500 746.116000 0.000000
857.857000 746.116000 0.000000
663.572000 459.285750 0.000000
1612.857750 582.142750 0.000000
207.858000 240.000250 0.000000
