0.100000 0.036000 0.000000
0.076571 0.039429 0.000000
0.063429 0.041714 0.000000
0.312000 0.048571 0.000000
0.297143 0.050286 0.000000
0.263429 0.050857 0.000000
0.280571 0.050857 0.000000
0.230286 0.052000 0.000000
0.247429 0.052571 0.000000
0.136571 0.066286 0.000000
0.090286 0.066857 0.000000
0.147429 0.067429 0.000000
0.115429 0.068000 0.000000
0.026857 0.068571 0.000000
0.074857 0.068571 0.000000
0.102857 0.068571 0.000000
0.042857 0.069143 0.000000
0.177143 0.069143 0.000000
0.189143 0.069143 0.000000
0.204000 0.069143 0.000000
0.154286 0.069714 0.000000
0.324571 0.069714 0.000000
0.059429 0.070857 0.000000
0.163429 0.070857 0.000000
0.292000 0.071429 0.000000
0.300000 0.071429 0.000000
0.214286 0.072000 0.000000
0.312571 0.072571 0.000000
0.273143 0.073143 0.000000
0.860571 0.074286 0.000000
0.229143 0.074857 0.000000
0.248000 0.074857 0.000000
0.840000 0.074857 0.000000
0.850286 0.074857 0.000000
0.825714 0.076571 0.000000
0.806286 0.078286 0.000000
0.789143 0.080000 0.000000
0.769714 0.080571 0.000000
0.754857 0.084000 0.000000
0.737143 0.084571 0.000000
0.705714 0.085714 0.000000
0.721143 0.085714 0.000000
0.688000 0.086857 0.000000
0.515429 0.087429 0.000000
0.039429 0.088000 0.000000
0.420571 0.088000 0.000000
0.498857 0.088000 0.000000
0.025143 0.089143 0.000000
0.477714 0.089143 0.000000
0.287429 0.089714 0.000000
0.065714 0.090286 0.000000
0.648571 0.090286 0.000000
0.665714 0.090286 0.000000
0.270286 0.090857 0.000000
0.304571 0.090857 0.000000
0.324000 0.090857 0.000000
0.385714 0.090857 0.000000
0.531429 0.090857 0.000000
0.098286 0.091429 0.000000
0.190857 0.091429 0.000000
0.340571 0.091429 0.000000
0.448571 0.091429 0.000000
0.085714 0.092000 0.000000
0.142286 0.092571 0.000000
0.171429 0.092571 0.000000
0.369143 0.092571 0.000000
0.398857 0.092571 0.000000
0.566286 0.093143 0.000000
0.116000 0.093714 0.000000
0.246286 0.093714 0.000000
0.353143 0.093714 0.000000
0.544571 0.093714 0.000000
0.599429 0.093714 0.000000
0.612000 0.094286 0.000000
0.224571 0.094857 0.000000
0.865143 0.101714 0.000000
0.850286 0.104000 0.000000
0.951429 0.104571 0.000000
0.981714 0.104571 0.000000
0.833714 0.105143 0.000000
0.896000 0.105143 0.000000
0.912000 0.105714 0.000000
0.938286 0.105714 0.000000
0.967429 0.105714 0.000000
0.925143 0.106286 0.000000
0.809714 0.106857 0.000000
0.791429 0.108571 0.000000
0.048571 0.110857 0.000000
0.031429 0.111429 0.000000
0.770857 0.111429 0.000000
0.062286 0.112571 0.000000
0.733714 0.112571 0.000000
0.752571 0.112571 0.000000
0.081143 0.113143 0.000000
0.095429 0.113143 0.000000
0.106857 0.114286 0.000000
0.123429 0.114857 0.000000
0.141143 0.114857 0.000000
0.719429 0.115429 0.000000
0.697714 0.116000 0.000000
0.155429 0.117143 0.000000
0.208000 0.117714 0.000000
0.283429 0.117714 0.000000
0.169143 0.118286 0.000000
0.182857 0.118857 0.000000
0.676571 0.118857 0.000000
0.245143 0.119429 0.000000
0.263429 0.119429 0.000000
0.305143 0.119429 0.000000
0.341714 0.119429 0.000000
0.374286 0.119429 0.000000
0.406286 0.119429 0.000000
0.657714 0.119429 0.000000
0.324000 0.120000 0.000000
0.358857 0.120000 0.000000
0.647429 0.120571 0.000000
0.388571 0.121143 0.000000
0.423429 0.121143 0.000000
0.454857 0.121143 0.000000
0.638857 0.121143 0.000000
0.433143 0.121714 0.000000
0.444571 0.121714 0.000000
0.465714 0.121714 0.000000
0.474286 0.122286 0.000000
0.628000 0.122286 0.000000
0.484571 0.122857 0.000000
0.496000 0.122857 0.000000
0.507429 0.122857 0.000000
0.586857 0.123429 0.000000
0.597714 0.123429 0.000000
0.606857 0.123429 0.000000
0.890857 0.123429 0.000000
0.516000 0.124000 0.000000
0.524571 0.124000 0.000000
0.550857 0.124000 0.000000
0.561143 0.124000 0.000000
0.570857 0.124000 0.000000
0.577143 0.124000 0.000000
0.534286 0.124571 0.000000
0.614857 0.124571 0.000000
0.543429 0.125143 0.000000
0.905143 0.127429 0.000000
0.922286 0.127429 0.000000
0.930857 0.129143 0.000000
0.026857 0.129714 0.000000
0.941143 0.130857 0.000000
0.045714 0.132000 0.000000
0.063429 0.132571 0.000000
0.078286 0.133714 0.000000
0.096000 0.133714 0.000000
0.109714 0.136000 0.000000
0.851429 0.146857 0.000000
0.872000 0.146857 0.000000
0.806857 0.148000 0.000000
0.156571 0.150286 0.000000
0.370857 0.150286 0.000000
0.827429 0.150286 0.000000
0.508000 0.150857 0.000000
0.778857 0.150857 0.000000
0.196000 0.151429 0.000000
0.440571 0.151429 0.000000
0.700000 0.151429 0.000000
0.752571 0.151429 0.000000
0.030857 0.152000 0.000000
0.173143 0.152000 0.000000
0.486857 0.152000 0.000000
0.681714 0.152000 0.000000
0.391429 0.152571 0.000000
0.406286 0.152571 0.000000
0.467429 0.152571 0.000000
0.578857 0.152571 0.000000
0.716000 0.152571 0.000000
0.049143 0.153143 0.000000
0.296571 0.153143 0.000000
0.325714 0.153143 0.000000
0.533143 0.153143 0.000000
0.552000 0.153143 0.000000
0.621714 0.153143 0.000000
0.642286 0.153143 0.000000
0.663429 0.153143 0.000000
0.254286 0.153714 0.000000
0.276000 0.153714 0.000000
0.311429 0.153714 0.000000
0.345714 0.153714 0.000000
0.594857 0.153714 0.000000
0.610857 0.153714 0.000000
0.069143 0.154286 0.000000
0.216571 0.154286 0.000000
0.234286 0.154286 0.000000
0.422857 0.154286 0.000000
0.566857 0.154286 0.000000
0.735429 0.154286 0.000000
0.084571 0.156571 0.000000
0.094857 0.157714 0.000000
0.104000 0.157714 0.000000
0.115429 0.158857 0.000000
0.918286 0.166857 0.000000
0.899429 0.167429 0.000000
0.940000 0.169714 0.000000
0.026857 0.170857 0.000000
0.037714 0.171429 0.000000
0.055429 0.174857 0.000000
0.156571 0.176000 0.000000
0.100000 0.176571 0.000000
0.072000 0.177143 0.000000
0.114286 0.177143 0.000000
0.139429 0.177143 0.000000
0.086857 0.177714 0.000000
0.182286 0.178286 0.000000
0.249143 0.180571 0.000000
0.652000 0.180571 0.000000
0.860000 0.180571 0.000000
0.211429 0.182286 0.000000
0.335429 0.182286 0.000000
0.365143 0.182286 0.000000
0.764571 0.182286 0.000000
0.277143 0.182857 0.000000
0.386286 0.182857 0.000000
0.418857 0.182857 0.000000
0.434857 0.182857 0.000000
0.502857 0.182857 0.000000
0.542286 0.182857 0.000000
0.557714 0.182857 0.000000
0.681714 0.182857 0.000000
0.293143 0.183429 0.000000
0.314286 0.183429 0.000000
0.454857 0.183429 0.000000
0.487429 0.183429 0.000000
0.612571 0.183429 0.000000
0.784571 0.183429 0.000000
0.346857 0.184000 0.000000
0.402286 0.184000 0.000000
0.670286 0.184000 0.000000
0.752571 0.184000 0.000000
0.588571 0.184571 0.000000
0.697143 0.184571 0.000000
0.708571 0.184571 0.000000
0.729143 0.184571 0.000000
0.812000 0.184571 0.000000
0.832000 0.184571 0.000000
0.472000 0.185143 0.000000
0.520571 0.185143 0.000000
0.569714 0.185143 0.000000
0.030857 0.192000 0.000000
0.044571 0.194857 0.000000
0.065143 0.198286 0.000000
0.077714 0.198857 0.000000
0.093143 0.200571 0.000000
0.105143 0.201143 0.000000
0.120000 0.201714 0.000000
0.321143 0.207429 0.000000
0.240571 0.209714 0.000000
0.341714 0.209714 0.000000
0.284571 0.210286 0.000000
0.308571 0.210286 0.000000
0.362286 0.210286 0.000000
0.402286 0.210857 0.000000
0.216000 0.211429 0.000000
0.300000 0.211429 0.000000
0.382857 0.211429 0.000000
0.143429 0.212571 0.000000
0.160000 0.212571 0.000000
0.178857 0.212571 0.000000
0.196000 0.212571 0.000000
0.448571 0.212571 0.000000
0.470286 0.213143 0.000000
0.026857 0.213714 0.000000
0.529714 0.214857 0.000000
0.657714 0.214857 0.000000
0.693143 0.215429 0.000000
0.047429 0.216000 0.000000
0.741143 0.216000 0.000000
0.908571 0.216000 0.000000
0.925714 0.216000 0.000000
0.946286 0.216000 0.000000
0.552000 0.216571 0.000000
0.639429 0.216571 0.000000
0.672571 0.216571 0.000000
0.713143 0.216571 0.000000
0.766286 0.216571 0.000000
0.509714 0.217143 0.000000
0.571429 0.217143 0.000000
0.804571 0.217143 0.000000
0.829143 0.217143 0.000000
0.871429 0.217143 0.000000
0.620571 0.217714 0.000000
0.856000 0.217714 0.000000
0.895429 0.217714 0.000000
0.075429 0.218286 0.000000
0.089714 0.218286 0.000000
0.781714 0.218286 0.000000
0.112000 0.219429 0.000000
0.602857 0.219429 0.000000
0.594286 0.220571 0.000000
0.026286 0.234857 0.000000
0.043429 0.236000 0.000000
0.064000 0.237143 0.000000
0.086286 0.240000 0.000000
0.105143 0.240000 0.000000
0.117714 0.242286 0.000000
0.265143 0.242286 0.000000
0.364000 0.242286 0.000000
0.180571 0.244000 0.000000
0.284000 0.244000 0.000000
0.348000 0.244000 0.000000
0.410857 0.244000 0.000000
0.567429 0.244000 0.000000
0.582857 0.244000 0.000000
0.598857 0.244000 0.000000
0.634857 0.244000 0.000000
0.158286 0.244571 0.000000
0.391429 0.244571 0.000000
0.402286 0.244571 0.000000
0.616000 0.244571 0.000000
0.662286 0.244571 0.000000
0.202857 0.245143 0.000000
0.233714 0.245143 0.000000
0.424000 0.245143 0.000000
0.493143 0.245143 0.000000
0.507429 0.245143 0.000000
0.304000 0.245714 0.000000
0.441714 0.245714 0.000000
0.451429 0.245714 0.000000
0.462857 0.245714 0.000000
0.475429 0.245714 0.000000
0.938286 0.245714 0.000000
0.381714 0.246286 0.000000
0.680000 0.246286 0.000000
0.952000 0.246286 0.000000
0.317714 0.246857 0.000000
0.330286 0.246857 0.000000
0.752571 0.246857 0.000000
0.798286 0.246857 0.000000
0.695429 0.247429 0.000000
0.713143 0.247429 0.000000
0.730286 0.247429 0.000000
0.773714 0.247429 0.000000
0.543429 0.248000 0.000000
0.921714 0.248000 0.000000
0.903429 0.248571 0.000000
0.531429 0.249143 0.000000
0.818286 0.249143 0.000000
0.836571 0.249143 0.000000
0.975429 0.249143 0.000000
0.851429 0.249714 0.000000
0.860571 0.249714 0.000000
0.873714 0.249714 0.000000
0.027429 0.256571 0.000000
0.044571 0.258286 0.000000
0.056000 0.260000 0.000000
0.071429 0.261143 0.000000
0.080000 0.262286 0.000000
0.090286 0.262857 0.000000
0.371429 0.263429 0.000000
0.102286 0.265143 0.000000
0.111429 0.268000 0.000000
0.144571 0.268571 0.000000
0.895429 0.269143 0.000000
0.934857 0.269714 0.000000
0.904571 0.270286 0.000000
0.921143 0.270286 0.000000
0.120000 0.270857 0.000000
0.202857 0.271429 0.000000
0.948571 0.271429 0.000000
0.962286 0.271429 0.000000
0.160000 0.272000 0.000000
0.189143 0.272000 0.000000
0.173714 0.273714 0.000000
0.973714 0.273714 0.000000
0.229714 0.274286 0.000000
0.986857 0.274857 0.000000
0.299429 0.275429 0.000000
0.314857 0.276571 0.000000
0.277714 0.277143 0.000000
0.257143 0.277714 0.000000
0.353143 0.277714 0.000000
0.402286 0.277714 0.000000
0.333143 0.278286 0.000000
0.368571 0.279429 0.000000
0.383429 0.279429 0.000000
0.850857 0.280000 0.000000
0.869143 0.280000 0.000000
0.654857 0.280571 0.000000
0.701143 0.280571 0.000000
0.734286 0.280571 0.000000
0.765714 0.280571 0.000000
0.784571 0.280571 0.000000
0.424571 0.281143 0.000000
0.440000 0.281143 0.000000
0.489143 0.281143 0.000000
0.668000 0.281143 0.000000
0.798857 0.281143 0.000000
0.502857 0.281714 0.000000
0.517714 0.281714 0.000000
0.530286 0.281714 0.000000
0.544000 0.281714 0.000000
0.813143 0.281714 0.000000
0.831429 0.281714 0.000000
0.460000 0.282286 0.000000
0.681714 0.282286 0.000000
0.641143 0.282857 0.000000
0.560000 0.283429 0.000000
0.580000 0.283429 0.000000
0.598857 0.284000 0.000000
0.627429 0.284000 0.000000
0.613714 0.284571 0.000000
0.053714 0.286286 0.000000
0.034857 0.286857 0.000000
0.068571 0.288571 0.000000
0.080571 0.289143 0.000000
0.088000 0.289714 0.000000
0.142286 0.297714 0.000000
0.158857 0.297714 0.000000
0.190857 0.298286 0.000000
0.173714 0.298857 0.000000
0.201714 0.299429 0.000000
0.217143 0.299429 0.000000
0.230286 0.301143 0.000000
0.264000 0.302286 0.000000
0.284571 0.302857 0.000000
0.245714 0.304000 0.000000
0.301714 0.304000 0.000000
0.323429 0.305143 0.000000
0.333714 0.305714 0.000000
0.392000 0.306286 0.000000
0.353714 0.307429 0.000000
0.370286 0.307429 0.000000
0.880571 0.308000 0.000000
0.429143 0.309143 0.000000
0.452000 0.309714 0.000000
0.660000 0.310286 0.000000
0.870286 0.310286 0.000000
0.476571 0.310857 0.000000
0.544571 0.311429 0.000000
0.642857 0.311429 0.000000
0.805714 0.311429 0.000000
0.498857 0.312000 0.000000
0.512571 0.312000 0.000000
0.828000 0.312000 0.000000
0.859429 0.312000 0.000000
0.525714 0.312571 0.000000
0.591429 0.312571 0.000000
0.775429 0.312571 0.000000
0.848000 0.312571 0.000000
0.558286 0.313143 0.000000
0.626857 0.313143 0.000000
0.787429 0.313143 0.000000
0.575429 0.313714 0.000000
0.607429 0.313714 0.000000
0.762857 0.313714 0.000000
0.681714 0.314286 0.000000
0.746286 0.314857 0.000000
0.030286 0.315429 0.000000
0.696571 0.315429 0.000000
0.044571 0.316000 0.000000
0.726857 0.316000 0.000000
0.709714 0.317143 0.000000
0.058857 0.318286 0.000000
0.078286 0.319429 0.000000
0.089714 0.320571 0.000000
0.097714 0.320571 0.000000
0.110286 0.321714 0.000000
0.121143 0.322857 0.000000
0.146286 0.328000 0.000000
0.162857 0.328000 0.000000
0.246286 0.329143 0.000000
0.256571 0.329714 0.000000
0.933714 0.330286 0.000000
0.204000 0.330857 0.000000
0.184000 0.332000 0.000000
0.281143 0.332000 0.000000
0.269714 0.332571 0.000000
0.222857 0.333143 0.000000
0.433714 0.333143 0.000000
0.340571 0.333714 0.000000
0.453143 0.334857 0.000000
0.514286 0.334857 0.000000
0.300571 0.335429 0.000000
0.392000 0.335429 0.000000
0.032000 0.336000 0.000000
0.324571 0.336000 0.000000
0.361143 0.336000 0.000000
0.310286 0.336571 0.000000
0.374286 0.336571 0.000000
0.474857 0.336571 0.000000
0.530857 0.336571 0.000000
0.641143 0.337143 0.000000
0.853143 0.337143 0.000000
0.495429 0.337714 0.000000
0.865143 0.337714 0.000000
0.832000 0.338286 0.000000
0.056571 0.338857 0.000000
0.545714 0.338857 0.000000
0.608000 0.339429 0.000000
0.624571 0.339429 0.000000
0.658286 0.339429 0.000000
0.720571 0.339429 0.000000
0.820571 0.339429 0.000000
0.674286 0.340000 0.000000
0.554286 0.340571 0.000000
0.569143 0.340571 0.000000
0.589714 0.340571 0.000000
0.688571 0.340571 0.000000
0.702286 0.340571 0.000000
0.735429 0.340571 0.000000
0.761714 0.340571 0.000000
0.795429 0.340571 0.000000
0.776571 0.341714 0.000000
0.745714 0.342286 0.000000
0.145714 0.353143 0.000000
0.036000 0.354286 0.000000
0.165714 0.354286 0.000000
0.181143 0.354857 0.000000
0.232571 0.356571 0.000000
0.076571 0.357143 0.000000
0.212571 0.357143 0.000000
0.246286 0.357143 0.000000
0.057143 0.357714 0.000000
0.110857 0.357714 0.000000
0.194857 0.357714 0.000000
0.270286 0.358857 0.000000
0.290286 0.358857 0.000000
0.092000 0.359429 0.000000
0.312000 0.360000 0.000000
0.358286 0.360571 0.000000
0.438286 0.360571 0.000000
0.332571 0.361143 0.000000
0.344571 0.361714 0.000000
0.382857 0.362857 0.000000
0.452000 0.362857 0.000000
0.392571 0.363429 0.000000
0.420000 0.363429 0.000000
0.588571 0.364000 0.000000
0.601714 0.364000 0.000000
0.632000 0.364000 0.000000
0.466857 0.364571 0.000000
0.863429 0.365143 0.000000
0.482286 0.365714 0.000000
0.521143 0.365714 0.000000
0.650286 0.366286 0.000000
0.661714 0.366286 0.000000
0.504571 0.366857 0.000000
0.538857 0.366857 0.000000
0.612000 0.366857 0.000000
0.494857 0.367429 0.000000
0.845714 0.367429 0.000000
0.574857 0.368000 0.000000
0.712000 0.368000 0.000000
0.688571 0.369143 0.000000
0.732000 0.369714 0.000000
0.830857 0.369714 0.000000
0.556571 0.370286 0.000000
0.812000 0.370857 0.000000
0.752000 0.371429 0.000000
0.790286 0.371429 0.000000
0.769143 0.373143 0.000000
0.033143 0.374286 0.000000
0.053143 0.376000 0.000000
0.068000 0.376571 0.000000
0.081143 0.378857 0.000000
0.098857 0.378857 0.000000
0.109714 0.381143 0.000000
0.121143 0.381143 0.000000
0.158286 0.381143 0.000000
0.242286 0.381714 0.000000
0.142857 0.382286 0.000000
0.169143 0.382857 0.000000
0.181143 0.382857 0.000000
0.256000 0.382857 0.000000
0.231429 0.383429 0.000000
0.192571 0.384000 0.000000
0.204000 0.384000 0.000000
0.216571 0.384000 0.000000
0.279429 0.384000 0.000000
0.294857 0.384000 0.000000
0.308000 0.384571 0.000000
0.332571 0.384571 0.000000
0.318857 0.385143 0.000000
0.349143 0.386857 0.000000
0.366286 0.386857 0.000000
0.377143 0.388000 0.000000
0.453714 0.388000 0.000000
0.466286 0.388000 0.000000
0.620000 0.388571 0.000000
0.439429 0.389143 0.000000
0.385143 0.389714 0.000000
0.603429 0.390286 0.000000
0.397714 0.390857 0.000000
0.478857 0.390857 0.000000
0.487429 0.391429 0.000000
0.408000 0.392000 0.000000
0.508000 0.392571 0.000000
0.536571 0.392571 0.000000
0.496571 0.393143 0.000000
0.518286 0.393143 0.000000
0.637714 0.393143 0.000000
0.419429 0.394286 0.000000
0.550286 0.394857 0.000000
0.051429 0.396000 0.000000
0.658286 0.396000 0.000000
0.032571 0.396571 0.000000
0.561143 0.396571 0.000000
0.673143 0.396571 0.000000
0.832571 0.396571 0.000000
0.572571 0.397143 0.000000
0.817143 0.397143 0.000000
0.802857 0.398286 0.000000
0.686857 0.399429 0.000000
0.702857 0.399429 0.000000
0.719429 0.399429 0.000000
0.733143 0.400571 0.000000
0.066857 0.401143 0.000000
0.749714 0.401143 0.000000
0.788571 0.401143 0.000000
0.778286 0.401714 0.000000
0.761714 0.402857 0.000000
0.770286 0.403429 0.000000
0.080571 0.404000 0.000000
0.283429 0.409714 0.000000
0.253714 0.410286 0.000000
0.267429 0.410286 0.000000
0.302857 0.411429 0.000000
0.323429 0.412571 0.000000
0.341714 0.413714 0.000000
0.405143 0.413714 0.000000
0.357714 0.415429 0.000000
0.369143 0.416571 0.000000
0.421143 0.417143 0.000000
0.434857 0.418286 0.000000
0.141714 0.420000 0.000000
0.448000 0.420000 0.000000
0.861714 0.420571 0.000000
0.152000 0.421143 0.000000
0.881714 0.421143 0.000000
0.170857 0.422286 0.000000
0.902286 0.422286 0.000000
0.188571 0.422857 0.000000
0.464000 0.422857 0.000000
0.470286 0.422857 0.000000
0.482857 0.422857 0.000000
0.828000 0.422857 0.000000
0.839429 0.423429 0.000000
0.921143 0.423429 0.000000
0.814286 0.424000 0.000000
0.497714 0.424571 0.000000
0.544571 0.424571 0.000000
0.558286 0.424571 0.000000
0.576000 0.424571 0.000000
0.588000 0.424571 0.000000
0.604571 0.424571 0.000000
0.616000 0.424571 0.000000
0.625143 0.424571 0.000000
0.746857 0.424571 0.000000
0.504000 0.425143 0.000000
0.524000 0.425143 0.000000
0.766286 0.425143 0.000000
0.773714 0.425143 0.000000
0.795429 0.425143 0.000000
0.230857 0.425714 0.000000
0.936571 0.425714 0.000000
0.247429 0.426286 0.000000
0.204571 0.426857 0.000000
0.219429 0.426857 0.000000
0.262857 0.429143 0.000000
0.278857 0.430286 0.000000
0.288571 0.430286 0.000000
0.302857 0.433143 0.000000
0.325143 0.433143 0.000000
0.342857 0.435429 0.000000
0.358286 0.435429 0.000000
0.374857 0.438286 0.000000
0.388000 0.438286 0.000000
0.406857 0.439429 0.000000
0.428000 0.440000 0.000000
0.530286 0.440000 0.000000
0.468571 0.440571 0.000000
0.448571 0.441714 0.000000
0.496000 0.441714 0.000000
0.508000 0.441714 0.000000
0.517714 0.441714 0.000000
0.480571 0.442286 0.000000
0.111837 0.036327 0.000000
0.388571 0.413878 0.000000
0.371020 0.424719 0.000000
0.379184 0.424719 0.000000
0.386122 0.425128 0.000000
0.395102 0.425128 0.000000
0.401224 0.425128 0.000000
0.408571 0.424719 0.000000
0.414694 0.424719 0.000000
0.424082 0.424311 0.000000
0.432245 0.423903 0.000000
0.442857 0.423903 0.000000
0.450612 0.423903 0.000000
0.457143 0.423903 0.000000
0.467347 0.426352 0.000000
0.473469 0.426352 0.000000
0.485306 0.426352 0.000000
0.490204 0.426352 0.000000
0.379184 0.262449 0.000000
0.921633 0.332653 0.000000
0.118776 0.137143 0.000000
