7
11
11
12
12
12
12
12
12
13
8
13
8
8
8
8
8
13
13
13
13
13
8
13
13
13
13
13
13
0
13
13
0
0
0
0
0
0
0
0
0
0
0
0
8
0
0
8
0
0
8
0
0
0
0
0
0
0
8
0
0
0
8
0
0
0
0
0
8
0
0
0
0
0
0
0
0
4
4
0
4
4
4
4
4
0
0
8
8
0
8
0
0
8
8
8
8
0
0
0
0
0
0
0
0
0
0
0
0
0
0
0
0
0
0
0
0
0
0
0
0
0
0
0
0
0
0
0
0
0
0
4
0
0
0
0
0
0
0
0
0
4
4
4
8
4
8
8
8
8
8
0
0
0
0
0
0
0
0
0
0
0
0
8
0
0
0
0
0
0
0
0
8
0
0
0
0
0
0
0
0
0
0
0
0
0
8
0
0
0
0
0
8
8
8
8
14
14
14
8
8
8
0
8
8
8
0
8
0
0
0
0
0
0
0
0
0
0
0
0
0
0
0
0
0
0
0
0
0
0
0
0
0
0
0
0
0
0
0
0
0
0
0
8
8
8
8
8
8
8
0
0
0
0
0
0
0
0
0
0
0
0
0
0
0
0
8
0
0
0
8
0
5
5
5
0
0
0
0
0
0
0
0
0
0
0
0
5
8
8
0
8
0
0
8
8
8
8
8
8
0
0
0
0
0
0
0
0
0
0
0
0
0
0
0
0
0
0
0
0
0
0
0
0
0
5
0
0
5
0
0
0
0
0
0
0
0
0
5
5
0
0
0
5
0
0
0
8
8
8
8
8
8
15
8
8
0
6
6
6
6
8
0
6
6
0
0
0
6
0
6
0
0
0
0
0
0
0
0
0
0
0
0
0
0
0
0
0
0
0
0
0
0
0
0
0
0
0
0
0
0
0
0
0
0
0
16
16
16
16
16
0
0
0
0
0
0
0
0
0
0
0
0
0
0
0
0
0
0
0
0
0
0
0
0
0
0
0
0
0
0
0
0
0
0
0
0
0
0
0
0
0
9
0
9
0
0
9
9
9
9
9
9
0
0
0
0
17
0
0
0
0
0
0
0
0
0
0
0
9
0
0
0
0
0
0
0
0
0
0
0
9
0
0
0
0
0
0
0
0
0
0
0
0
0
0
0
0
0
0
10
0
0
0
10
0
0
10
10
0
0
0
10
0
0
0
0
0
0
0
0
0
0
0
0
0
0
0
0
0
0
0
0
0
0
0
0
0
0
0
0
0
0
0
0
0
10
10
10
10
10
10
10
1
1
1
1
1
1
1
1
1
1
1
1
1
1
1
1
1
1
2
2
3
2
1
3
1
2
2
1
2
2
2
2
3
1
2
10
3
10
2
3
3
2
3
3
3
3
3
3
10
3
3
3
3
3
10
18
18
18
18
18
18
19
18
18
19
19
20
19
21
20
21
20
21
20
19
19
19
21
21
21
21
22
22
22
22
22
22
22
22
21
22
22
21
21
21
20
21
20
20
20
20
20
20
20
20
20
20
23
23
23
23
23
23
23
23
23
23
23
7
19
22
22
22
22
22
22
22
22
22
22
22
22
22
22
22
22
15
17
8
