163 164
47 53
50 52
35 42
164 165
125 128
159 160
8 9
0 5
28 30
155 156
148 150
106 114
92 97
75 81
137 138
72 75
98 103
99 102
116 118
20 22
101 108
8 11
170 171
9 10
129 130
49 55
117 119
94 96
166 167
120 124
25 27
18 21
162 163
82 88
133 136
134 135
127 129
144 145
38 39
29 36
182 184
103 104
95 100
122 126
123 125
140 141
15 18
177 178
16 17
96 101
55 63
42 45
73 78
90 94
173 174
97 99
74 79
68 72
13 14
36 43
147 148
142 143
12 15
143 144
23 33
104 107
80 85
19 20
175 176
24 25
71 76
64 70
81 86
171 172
46 49
112 113
132 134
128 130
105 110
145 146
26 27
41 46
108 115
51 56
14 16
141 142
40 44
89 92
123 124
91 95
37 39
119 120
174 175
79 84
56 61
156 157
58 64
182 185
52 57
69 73
118 121
152 153
1 2
189 190
53 58
63 69
146 149
180 181
43 47
126 127
70 74
87 90
121 122
153 154
0 6
2 3
65 71
76 80
110 112
88 91
154 155
3 4
84 87
44 48
150 151
86 93
181 184
176 179
22 29
115 117
34 40
62 65
93 98
111 113
160 161
33 41
4 5
107 109
78 82
133 137
31 34
48 50
57 62
170 183
30 32
157 158
100 106
45 51
6 7
32 35
177 179
139 140
24 31
26 28
21 23
61 68
135 136
178 180
17 19
10 13
172 173
66 67
11 12
114 116
131 132
109 111
85 89
102 105
158 159
