674.999500 294.000000 0.000000
581.999250 296.000250 0.000000
601.000750 296.000250 0.000000
618.999500 296.000250 0.000000
637.000000 296.000250 0.000000
653.999500 296.000250 0.000000
697.000500 296.999500 0.000000
718.000500 296.999500 0.000000
644.999250 326.999750 0.000000
658.999250 326.999750 0.000000
672.000000 326.999750 0.000000
620.999750 328.000750 0.000000
606.000500 329.999250 0.000000
697.000500 329.999250 0.000000
716.000250 333.000500 0.000000
585.999750 336.000000 0.000000
735.000000 336.000000 0.000000
746.999750 340.999750 0.000000
560.999250 345.999500 0.000000
756.999250 345.999500 0.000000
781.000500 363.000750 0.000000
524.000750 368.999750 0.000000
800.999500 378.999250 0.000000
511.999250 382.000500 0.000000
615.000750 385.000000 0.000000
641.000500 387.999500 0.000000
676.000500 389.000500 0.000000
657.000750 389.999750 0.000000
690.999750 392.000000 0.000000
819.999250 392.000000 0.000000
702.999500 394.000250 0.000000
587.000750 399.000000 0.000000
714.999250 399.000000 0.000000
490.000000 408.000250 0.000000
571.999750 408.999500 0.000000
732.999750 410.000500 0.000000
835.999500 410.999750 0.000000
646.000250 415.000250 0.000000
609.999250 415.999500 0.000000
632.999500 415.999500 0.000000
555.999500 419.000750 0.000000
466.999750 426.000750 0.000000
758.000250 426.000750 0.000000
847.999250 429.999500 0.000000
539.999250 434.999250 0.000000
772.000250 436.999500 0.000000
454.000750 443.999500 0.000000
863.000250 452.999750 0.000000
518.000000 462.999250 0.000000
441.000000 473.000500 0.000000
506.999500 480.000500 0.000000
809.000500 485.000250 0.000000
501.999750 492.999500 0.000000
886.000500 494.000500 0.000000
655.999750 497.999250 0.000000
431.000500 499.000250 0.000000
818.000750 504.000000 0.000000
492.000250 513.999500 0.000000
889.000000 513.999500 0.000000
601.000750 522.999750 0.000000
707.999250 524.000750 0.000000
825.000750 525.000000 0.000000
489.000750 529.000500 0.000000
422.999500 532.000000 0.000000
891.000250 536.000500 0.000000
487.000500 546.000000 0.000000
657.000750 546.999250 0.000000
681.000250 546.999250 0.000000
826.999250 548.000250 0.000000
420.999250 555.000250 0.000000
891.999500 557.999750 0.000000
487.000500 562.000250 0.000000
826.000000 562.999500 0.000000
424.000500 578.000500 0.000000
891.000250 581.000000 0.000000
825.000750 585.000500 0.000000
487.999750 588.000000 0.000000
604.000250 592.000500 0.000000
424.000500 595.999250 0.000000
888.000750 599.999750 0.000000
494.999750 611.000250 0.000000
819.999250 613.000500 0.000000
427.999250 618.999500 0.000000
658.000000 618.999500 0.000000
884.999500 620.999750 0.000000
501.999750 630.000000 0.000000
811.000750 632.000250 0.000000
882.000000 632.000250 0.000000
438.000500 641.000500 0.000000
511.999250 648.000500 0.000000
877.000250 653.999500 0.000000
448.000000 660.000250 0.000000
527.999500 667.000250 0.000000
797.000750 667.000250 0.000000
863.000250 672.000000 0.000000
459.000500 685.000750 0.000000
851.999750 686.999250 0.000000
545.000750 688.999500 0.000000
776.000750 695.000250 0.000000
566.000750 702.999500 0.000000
473.000500 707.000000 0.000000
837.000500 707.000000 0.000000
581.000000 714.000000 0.000000
737.000250 716.999500 0.000000
725.999750 720.000750 0.000000
597.999500 721.000000 0.000000
489.000750 721.999250 0.000000
711.999750 723.000250 0.000000
821.000250 723.999500 0.000000
697.999750 725.000500 0.000000
616.999250 725.999750 0.000000
678.000750 728.000000 0.000000
637.000000 730.000250 0.000000
664.000750 730.999500 0.000000
504.999250 732.999750 0.000000
807.999500 742.999250 0.000000
525.999250 749.999250 0.000000
795.000500 751.999500 0.000000
546.000000 758.999500 0.000000
774.999750 763.999250 0.000000
763.000000 767.999750 0.000000
571.999750 772.999500 0.000000
588.999250 779.999500 0.000000
723.000250 781.000500 0.000000
732.999750 781.000500 0.000000
707.999250 784.000000 0.000000
611.999500 786.000250 0.000000
639.000250 788.999750 0.000000
681.000250 790.000750 0.000000
651.999250 791.000000 0.000000
667.999500 791.999250 0.000000
742.000000 814.999500 0.000000
763.000000 814.999500 0.000000
835.000250 816.000500 0.000000
783.000750 816.999750 0.000000
798.999250 816.999750 0.000000
814.999500 816.999750 0.000000
851.999750 819.000000 0.000000
870.999500 821.999500 0.000000
646.999500 854.999250 0.000000
665.000000 858.000500 0.000000
692.000750 860.000750 0.000000
713.000750 861.000000 0.000000
737.000250 863.000250 0.000000
753.999750 867.000750 0.000000
774.999750 872.999750 0.000000
791.000000 877.999500 0.000000
646.999500 879.000500 0.000000
665.999250 882.000000 0.000000
809.000500 882.000000 0.000000
683.000500 882.999250 0.000000
700.000000 886.000500 0.000000
641.999750 917.000000 0.000000
660.000250 917.000000 0.000000
674.000250 919.000250 0.000000
686.000000 919.000250 0.000000
709.000250 921.999750 0.000000
734.000750 924.999250 0.000000
746.999750 926.000250 0.000000
765.000250 928.000500 0.000000
781.000500 938.000000 0.000000
798.000000 940.999500 0.000000
639.999500 944.000750 0.000000
658.000000 945.999250 0.000000
674.999500 949.000500 0.000000
692.000750 952.999250 0.000000
784.000000 1057.000000 0.000000
770.999250 1061.999750 0.000000
609.000000 1162.999250 0.000000
683.000500 1215.000500 0.000000
562.999500 1696.000250 0.000000
576.999500 1696.000250 0.000000
594.000750 1696.000250 0.000000
609.999250 1696.000250 0.000000
648.999750 1696.000250 0.000000
672.999250 1696.000250 0.000000
697.999750 1696.000250 0.000000
735.000000 1696.000250 0.000000
755.000750 1696.000250 0.000000
709.999500 1696.999500 0.000000
772.000250 1696.999500 0.000000
781.999750 1696.999500 0.000000
814.000250 1696.999500 0.000000
540.714286 1699.285714 0.000000
795.000000 1695.714286 0.000000
828.571429 1694.285714 0.000000
600.714286 1049.285714 0.000000
695.000000 1011.428571 0.000000
769.285714 1166.428571 0.000000
667.857143 1119.453125 0.000000
686.428571 1126.595982 0.000000
710.000000 590.714286 0.000000
