0.385714 0.168000 0.000000
0.332571 0.169143 0.000000
0.343429 0.169143 0.000000
0.353714 0.169143 0.000000
0.364000 0.169143 0.000000
0.373714 0.169143 0.000000
0.398286 0.169714 0.000000
0.410286 0.169714 0.000000
0.368571 0.186857 0.000000
0.376571 0.186857 0.000000
0.384000 0.186857 0.000000
0.354857 0.187429 0.000000
0.346286 0.188571 0.000000
0.398286 0.188571 0.000000
0.409143 0.190286 0.000000
0.334857 0.192000 0.000000
0.420000 0.192000 0.000000
0.426857 0.194857 0.000000
0.320571 0.197714 0.000000
0.432571 0.197714 0.000000
0.446286 0.207429 0.000000
0.299429 0.210857 0.000000
0.457714 0.216571 0.000000
0.292571 0.218286 0.000000
0.351429 0.220000 0.000000
0.366286 0.221714 0.000000
0.386286 0.222286 0.000000
0.375429 0.222857 0.000000
0.394857 0.224000 0.000000
0.468571 0.224000 0.000000
0.401714 0.225143 0.000000
0.335429 0.228000 0.000000
0.408571 0.228000 0.000000
0.280000 0.233143 0.000000
0.326857 0.233714 0.000000
0.418857 0.234286 0.000000
0.477714 0.234857 0.000000
0.369143 0.237143 0.000000
0.348571 0.237714 0.000000
0.361714 0.237714 0.000000
0.317714 0.239429 0.000000
0.266857 0.243429 0.000000
0.433143 0.243429 0.000000
0.484571 0.245714 0.000000
0.308571 0.248571 0.000000
0.441143 0.249714 0.000000
0.259429 0.253714 0.000000
0.493143 0.258857 0.000000
0.296000 0.264571 0.000000
0.252000 0.270286 0.000000
0.289714 0.274286 0.000000
0.462286 0.277143 0.000000
0.286857 0.281714 0.000000
0.506286 0.282286 0.000000
0.374857 0.284571 0.000000
0.246286 0.285143 0.000000
0.467429 0.288000 0.000000
0.281143 0.293714 0.000000
0.508000 0.293714 0.000000
0.343429 0.298857 0.000000
0.404571 0.299429 0.000000
0.471429 0.300000 0.000000
0.279429 0.302286 0.000000
0.241714 0.304000 0.000000
0.509143 0.306286 0.000000
0.278286 0.312000 0.000000
0.375429 0.312571 0.000000
0.389143 0.312571 0.000000
0.472571 0.313143 0.000000
0.240571 0.317143 0.000000
0.509714 0.318857 0.000000
0.278286 0.321143 0.000000
0.472000 0.321714 0.000000
0.242286 0.330286 0.000000
0.509143 0.332000 0.000000
0.471429 0.334286 0.000000
0.278857 0.336000 0.000000
0.345143 0.338286 0.000000
0.242286 0.340571 0.000000
0.507429 0.342857 0.000000
0.282857 0.349143 0.000000
0.468571 0.350286 0.000000
0.244571 0.353714 0.000000
0.376000 0.353714 0.000000
0.505714 0.354857 0.000000
0.286857 0.360000 0.000000
0.463429 0.361143 0.000000
0.504000 0.361143 0.000000
0.250286 0.366286 0.000000
0.292571 0.370286 0.000000
0.501143 0.373714 0.000000
0.256000 0.377143 0.000000
0.301714 0.381143 0.000000
0.455429 0.381143 0.000000
0.493143 0.384000 0.000000
0.262286 0.391429 0.000000
0.486857 0.392571 0.000000
0.311429 0.393714 0.000000
0.443429 0.397143 0.000000
0.323429 0.401714 0.000000
0.270286 0.404000 0.000000
0.478286 0.404000 0.000000
0.332000 0.408000 0.000000
0.421143 0.409714 0.000000
0.414857 0.411429 0.000000
0.341714 0.412000 0.000000
0.279429 0.412571 0.000000
0.406857 0.413143 0.000000
0.469143 0.413714 0.000000
0.398857 0.414286 0.000000
0.352571 0.414857 0.000000
0.387429 0.416000 0.000000
0.364000 0.417143 0.000000
0.379429 0.417714 0.000000
0.288571 0.418857 0.000000
0.461714 0.424571 0.000000
0.300571 0.428571 0.000000
0.454286 0.429714 0.000000
0.312000 0.433714 0.000000
0.442857 0.436571 0.000000
0.436000 0.438857 0.000000
0.326857 0.441714 0.000000
0.336571 0.445714 0.000000
0.413143 0.446286 0.000000
0.418857 0.446286 0.000000
0.404571 0.448000 0.000000
0.349714 0.449143 0.000000
0.365143 0.450857 0.000000
0.389143 0.451429 0.000000
0.372571 0.452000 0.000000
0.381714 0.452571 0.000000
0.424000 0.465714 0.000000
0.436000 0.465714 0.000000
0.477143 0.466286 0.000000
0.447429 0.466857 0.000000
0.456571 0.466857 0.000000
0.465714 0.466857 0.000000
0.486857 0.468000 0.000000
0.497714 0.469714 0.000000
0.369714 0.488571 0.000000
0.380000 0.490286 0.000000
0.395429 0.491429 0.000000
0.407429 0.492000 0.000000
0.421143 0.493143 0.000000
0.430857 0.495429 0.000000
0.442857 0.498857 0.000000
0.452000 0.501714 0.000000
0.369714 0.502286 0.000000
0.380571 0.504000 0.000000
0.462286 0.504000 0.000000
0.390286 0.504571 0.000000
0.400000 0.506286 0.000000
0.366857 0.524000 0.000000
0.377143 0.524000 0.000000
0.385143 0.525143 0.000000
0.392000 0.525143 0.000000
0.405143 0.526857 0.000000
0.419429 0.528571 0.000000
0.426857 0.529143 0.000000
0.437143 0.530286 0.000000
0.446286 0.536000 0.000000
0.456000 0.537714 0.000000
0.365714 0.539429 0.000000
0.376000 0.540571 0.000000
0.385714 0.542286 0.000000
0.395429 0.544571 0.000000
0.448000 0.604000 0.000000
0.440571 0.606857 0.000000
0.348000 0.664571 0.000000
0.390286 0.694286 0.000000
0.321714 0.969143 0.000000
0.329714 0.969143 0.000000
0.339429 0.969143 0.000000
0.348571 0.969143 0.000000
0.370857 0.969143 0.000000
0.384571 0.969143 0.000000
0.398857 0.969143 0.000000
0.420000 0.969143 0.000000
0.431429 0.969143 0.000000
0.405714 0.969714 0.000000
0.441143 0.969714 0.000000
0.446857 0.969714 0.000000
0.465143 0.969714 0.000000
0.308980 0.971020 0.000000
0.454286 0.968980 0.000000
0.473469 0.968163 0.000000
0.343265 0.599592 0.000000
0.397143 0.577959 0.000000
0.439592 0.666531 0.000000
0.381633 0.639687 0.000000
0.392245 0.643769 0.000000
0.405714 0.337551 0.000000
