163 164
33 36
98 101
108 112
156 161
118 122
113 117
179 181
34 37
83 85
131 134
186 189
123 130
175 177
185 187
41 42
96 97
187 215
81 87
82 86
116 118
61 63
20 22
159 162
176 178
193 212
23 27
40 43
9 10
74 75
138 142
100 103
117 119
132 135
166 167
73 76
90 92
150 152
165 168
144 145
193 214
86 88
129 132
68 70
115 121
148 154
15 18
16 17
71 72
93 102
64 66
42 45
124 126
60 62
0 2
65 67
130 133
149 210
177 180
88 90
119 123
105 106
43 48
207 208
22 25
39 41
104 107
66 68
83 84
157 207
186 188
158 160
62 64
79 80
55 58
72 74
136 141
58 60
181 182
20 21
31 195
52 53
51 54
192 213
208 209
78 81
87 93
110 115
63 65
96 98
111 114
32 34
125 131
182 183
35 39
14 16
184 211
95 99
143 148
106 108
178 179
155 159
158 210
24 194
30 33
25 28
56 61
38 40
141 144
103 105
75 77
161 165
1 2
27 195
172 174
11 13
28 29
189 190
76 78
19 26
71 73
47 51
164 209
168 170
145 150
162 166
12 14
29 30
67 69
77 79
184 215
97 100
169 171
8 10
152 155
45 47
82 84
185 188
3 4
180 183
50 55
126 129
121 124
153 156
8 12
9 11
170 172
122 125
191 213
111 113
102 110
154 157
171 173
4 5
107 109
69 70
192 214
133 137
167 169
142 149
89 91
48 50
91 94
37 38
6 7
160 163
32 35
139 140
137 143
21 23
101 104
173 175
190 191
135 136
134 138
0 3
17 19
114 116
92 95
54 56
85 89
174 176
13 15
