599.999750 340.999750 0.000000
562.000250 342.000750 0.000000
581.000000 342.000750 0.000000
618.000250 342.000750 0.000000
636.000750 343.000000 0.000000
657.000750 347.000500 0.000000
184.999500 380.000250 0.000000
163.999500 387.000250 0.000000
692.000750 426.000750 0.000000
662.999750 427.000000 0.000000
679.999250 427.000000 0.000000
641.999750 427.999250 0.000000
709.000250 429.000250 0.000000
622.000750 431.000500 0.000000
725.999750 431.999750 0.000000
599.000500 440.000750 0.000000
741.000750 440.000750 0.000000
756.999250 443.000250 0.000000
581.000000 445.000500 0.000000
772.000250 450.000250 0.000000
679.000000 452.000500 0.000000
664.000750 452.999750 0.000000
693.999250 452.999750 0.000000
641.999750 455.000000 0.000000
205.000250 457.000250 0.000000
711.999750 457.999500 0.000000
788.000500 459.000500 0.000000
622.000750 459.999750 0.000000
728.999250 461.000750 0.000000
744.999500 466.999750 0.000000
760.000500 471.999500 0.000000
581.999250 476.000000 0.000000
641.000500 476.999250 0.000000
772.999500 480.999750 0.000000
700.000000 483.999250 0.000000
606.999750 487.000500 0.000000
788.000500 490.000000 0.000000
728.999250 492.999500 0.000000
753.999750 504.000000 0.000000
580.000750 504.999250 0.000000
781.000500 518.999250 0.000000
557.000500 522.999750 0.000000
536.999750 541.000250 0.000000
807.999500 543.000500 0.000000
560.999250 578.000500 0.000000
510.000750 585.000500 0.000000
781.000500 588.000000 0.000000
506.999500 613.999750 0.000000
840.999250 613.999750 0.000000
716.000250 622.000750 0.000000
842.000250 641.000500 0.000000
504.999250 641.999750 0.000000
655.000500 655.000500 0.000000
681.999500 657.000750 0.000000
510.000750 667.999500 0.000000
837.999750 669.000500 0.000000
511.999250 692.000750 0.000000
553.999250 692.000750 0.000000
835.000250 695.999500 0.000000
779.000250 709.000250 0.000000
826.000000 718.000500 0.000000
545.000750 744.000250 0.000000
797.000750 753.999750 0.000000
569.999500 767.999750 0.000000
777.000000 774.000500 0.000000
592.999750 783.000750 0.000000
753.999750 786.999500 0.000000
616.999250 795.999750 0.000000
723.999500 800.000250 0.000000
643.000750 804.000750 0.000000
692.000750 807.999500 0.000000
641.000500 914.000500 0.000000
620.000500 916.000750 0.000000
667.000250 917.000000 0.000000
602.000000 919.000250 0.000000
581.999250 921.000500 0.000000
690.000500 921.999750 0.000000
567.000000 924.999250 0.000000
716.000250 928.999750 0.000000
543.999750 930.000750 0.000000
525.999250 935.000500 0.000000
739.999750 935.999750 0.000000
650.000750 940.000250 0.000000
618.999500 940.999500 0.000000
634.999750 940.999500 0.000000
599.000500 942.999750 0.000000
667.999500 942.999750 0.000000
758.999500 944.000750 0.000000
686.000000 945.999250 0.000000
578.999750 947.000250 0.000000
700.999250 949.000500 0.000000
555.999500 954.000250 0.000000
716.999500 954.000250 0.000000
777.000000 956.000500 0.000000
539.999250 959.000000 0.000000
732.000500 959.999250 0.000000
634.999750 963.999750 0.000000
651.000000 963.999750 0.000000
620.000500 966.000000 0.000000
749.000000 966.999250 0.000000
669.000500 968.000250 0.000000
599.000500 970.000500 0.000000
797.000750 970.000500 0.000000
688.000250 972.000750 0.000000
578.999750 973.999250 0.000000
700.000000 975.999500 0.000000
714.000000 980.000000 0.000000
555.999500 982.999500 0.000000
725.000500 984.999750 0.000000
545.000750 986.000750 0.000000
809.999750 989.999500 0.000000
634.000500 993.000750 0.000000
744.000250 996.999500 0.000000
608.000750 998.000500 0.000000
669.000500 1001.999250 0.000000
821.000250 1005.000500 0.000000
688.999500 1008.999250 0.000000
578.999750 1010.999500 0.000000
716.999500 1022.000000 0.000000
552.000750 1026.999750 0.000000
644.999250 1029.000000 0.000000
839.000750 1029.999250 0.000000
741.000750 1036.999250 0.000000
527.999500 1043.999250 0.000000
851.999750 1052.000250 0.000000
756.999250 1054.999750 0.000000
861.000000 1073.000250 0.000000
548.000250 1082.999750 0.000000
732.999750 1089.000500 0.000000
867.000750 1091.000750 0.000000
494.000500 1096.999750 0.000000
779.999500 1101.999500 0.000000
872.000500 1108.999500 0.000000
483.000000 1127.000000 0.000000
788.000500 1133.000750 0.000000
877.999500 1133.000750 0.000000
875.000000 1150.999500 0.000000
478.999500 1162.000000 0.000000
791.999250 1166.999750 0.000000
636.000750 1168.000750 0.000000
657.000750 1168.000750 0.000000
874.000750 1171.999500 0.000000
786.000250 1192.000250 0.000000
487.999750 1192.999500 0.000000
872.000500 1194.999750 0.000000
868.999250 1213.000250 0.000000
536.999750 1217.000750 0.000000
639.000250 1217.000750 0.000000
494.999750 1218.999250 0.000000
779.000250 1225.000000 0.000000
865.999750 1232.999250 0.000000
725.999750 1234.000250 0.000000
858.000500 1255.999500 0.000000
417.999750 1260.999250 0.000000
518.000000 1264.999750 0.000000
856.000250 1273.000750 0.000000
431.999750 1281.999250 0.000000
541.999500 1285.999750 0.000000
716.999500 1288.000000 0.000000
844.999750 1290.999500 0.000000
695.000250 1299.000500 0.000000
445.999750 1304.000250 0.000000
833.999250 1309.999250 0.000000
669.999750 1311.999500 0.000000
653.999500 1318.000250 0.000000
464.000250 1325.000250 0.000000
814.999500 1332.999500 0.000000
802.000500 1344.999250 0.000000
480.000500 1346.000250 0.000000
784.999250 1357.000750 0.000000
497.000000 1362.000500 0.000000
763.000000 1369.000500 0.000000
515.999750 1372.999250 0.000000
744.999500 1379.000000 0.000000
534.000250 1381.000250 0.000000
723.000250 1386.999250 0.000000
559.000750 1390.000500 0.000000
700.999250 1390.999750 0.000000
576.000250 1393.000000 0.000000
592.000500 1397.000500 0.000000
681.000250 1397.000500 0.000000
611.000250 1400.000000 0.000000
632.000250 1400.999250 0.000000
653.000250 1400.999250 0.000000
567.000000 1696.000250 0.000000
615.000750 1696.000250 0.000000
686.000000 1696.000250 0.000000
597.999500 1696.999500 0.000000
646.999500 1696.999500 0.000000
714.000000 1696.999500 0.000000
739.000500 1696.999500 0.000000
758.000250 1696.999500 0.000000
786.000250 1696.999500 0.000000
818.000750 1696.999500 0.000000
186.071429 460.714286 0.000000
598.214286 467.689732 0.000000
662.500000 515.156250 0.000000
662.500000 759.441964 0.000000
718.928571 678.727679 0.000000
615.357143 670.870536 0.000000
611.071429 613.727679 0.000000
656.071429 589.441964 0.000000
597.500000 1181.540179 0.000000
601.785714 1114.397321 0.000000
640.357143 1085.111607 0.000000
677.500000 1117.254464 0.000000
682.500000 1197.254464 0.000000
563.928571 1300.825893 0.000000
588.928571 1307.254464 0.000000
618.214286 1317.254464 0.000000
742.500000 1270.825893 0.000000
554.642857 1697.075893 0.000000
830.357143 1694.218750 0.000000
775.357143 1699.933036 0.000000
801.071429 1696.361607 0.000000
581.071429 1695.647321 0.000000
