0.342857 0.194857 0.000000
0.321143 0.195429 0.000000
0.332000 0.195429 0.000000
0.353143 0.195429 0.000000
0.363429 0.196000 0.000000
0.375429 0.198286 0.000000
0.105714 0.217143 0.000000
0.093714 0.221143 0.000000
0.395429 0.243429 0.000000
0.378857 0.244000 0.000000
0.388571 0.244000 0.000000
0.366857 0.244571 0.000000
0.405143 0.245143 0.000000
0.355429 0.246286 0.000000
0.414857 0.246857 0.000000
0.342286 0.251429 0.000000
0.423429 0.251429 0.000000
0.432571 0.253143 0.000000
0.332000 0.254286 0.000000
0.441143 0.257143 0.000000
0.388000 0.258286 0.000000
0.379429 0.258857 0.000000
0.396571 0.258857 0.000000
0.366857 0.260000 0.000000
0.117143 0.261143 0.000000
0.406857 0.261714 0.000000
0.450286 0.262286 0.000000
0.355429 0.262857 0.000000
0.416571 0.263429 0.000000
0.425714 0.266857 0.000000
0.434286 0.269714 0.000000
0.332571 0.272000 0.000000
0.366286 0.272571 0.000000
0.441714 0.274857 0.000000
0.400000 0.276571 0.000000
0.346857 0.278286 0.000000
0.450286 0.280000 0.000000
0.416571 0.281714 0.000000
0.430857 0.288000 0.000000
0.331429 0.288571 0.000000
0.446286 0.296571 0.000000
0.318286 0.298857 0.000000
0.306857 0.309143 0.000000
0.461714 0.310286 0.000000
0.320571 0.330286 0.000000
0.291429 0.334286 0.000000
0.446286 0.336000 0.000000
0.289714 0.350857 0.000000
0.480571 0.350857 0.000000
0.409143 0.355429 0.000000
0.481143 0.366286 0.000000
0.288571 0.366857 0.000000
0.374286 0.374286 0.000000
0.389714 0.375429 0.000000
0.291429 0.381714 0.000000
0.478857 0.382286 0.000000
0.292571 0.395429 0.000000
0.316571 0.395429 0.000000
0.477143 0.397714 0.000000
0.445143 0.405143 0.000000
0.472000 0.410286 0.000000
0.311429 0.425143 0.000000
0.455429 0.430857 0.000000
0.325714 0.438857 0.000000
0.444000 0.442286 0.000000
0.338857 0.447429 0.000000
0.430857 0.449714 0.000000
0.352571 0.454857 0.000000
0.413714 0.457143 0.000000
0.367429 0.459429 0.000000
0.395429 0.461714 0.000000
0.366286 0.522286 0.000000
0.354286 0.523429 0.000000
0.381143 0.524000 0.000000
0.344000 0.525143 0.000000
0.332571 0.526286 0.000000
0.394286 0.526857 0.000000
0.324000 0.528571 0.000000
0.409143 0.530857 0.000000
0.310857 0.531429 0.000000
0.300571 0.534286 0.000000
0.422857 0.534857 0.000000
0.371429 0.537143 0.000000
0.353714 0.537714 0.000000
0.362857 0.537714 0.000000
0.342286 0.538857 0.000000
0.381714 0.538857 0.000000
0.433714 0.539429 0.000000
0.392000 0.540571 0.000000
0.330857 0.541143 0.000000
0.400571 0.542286 0.000000
0.317714 0.545143 0.000000
0.409714 0.545143 0.000000
0.444000 0.546286 0.000000
0.308571 0.548000 0.000000
0.418286 0.548571 0.000000
0.362857 0.550857 0.000000
0.372000 0.550857 0.000000
0.354286 0.552000 0.000000
0.428000 0.552571 0.000000
0.382286 0.553143 0.000000
0.342286 0.554286 0.000000
0.455429 0.554286 0.000000
0.393143 0.555429 0.000000
0.330857 0.556571 0.000000
0.400000 0.557714 0.000000
0.408000 0.560000 0.000000
0.317714 0.561714 0.000000
0.414286 0.562857 0.000000
0.311429 0.563429 0.000000
0.462857 0.565714 0.000000
0.362286 0.567429 0.000000
0.425143 0.569714 0.000000
0.347429 0.570286 0.000000
0.382286 0.572571 0.000000
0.469143 0.574286 0.000000
0.393714 0.576571 0.000000
0.330857 0.577714 0.000000
0.409714 0.584000 0.000000
0.315429 0.586857 0.000000
0.368571 0.588000 0.000000
0.479429 0.588571 0.000000
0.423429 0.592571 0.000000
0.301714 0.596571 0.000000
0.486857 0.601143 0.000000
0.432571 0.602857 0.000000
0.492000 0.613143 0.000000
0.313143 0.618857 0.000000
0.418857 0.622286 0.000000
0.495429 0.623429 0.000000
0.282286 0.626857 0.000000
0.445714 0.629714 0.000000
0.498286 0.633714 0.000000
0.276000 0.644000 0.000000
0.450286 0.647429 0.000000
0.501714 0.647429 0.000000
0.500000 0.657714 0.000000
0.273714 0.664000 0.000000
0.452571 0.666857 0.000000
0.363429 0.667429 0.000000
0.375429 0.667429 0.000000
0.499429 0.669714 0.000000
0.449143 0.681143 0.000000
0.278857 0.681714 0.000000
0.498286 0.682857 0.000000
0.496571 0.693143 0.000000
0.306857 0.695429 0.000000
0.365143 0.695429 0.000000
0.282857 0.696571 0.000000
0.445143 0.700000 0.000000
0.494857 0.704571 0.000000
0.414857 0.705143 0.000000
0.490286 0.717714 0.000000
0.238857 0.720571 0.000000
0.296000 0.722857 0.000000
0.489143 0.727429 0.000000
0.246857 0.732571 0.000000
0.309714 0.734857 0.000000
0.409714 0.736000 0.000000
0.482857 0.737714 0.000000
0.397143 0.742286 0.000000
0.254857 0.745143 0.000000
0.476571 0.748571 0.000000
0.382857 0.749714 0.000000
0.373714 0.753143 0.000000
0.265143 0.757143 0.000000
0.465714 0.761714 0.000000
0.458286 0.768571 0.000000
0.274286 0.769143 0.000000
0.448571 0.775429 0.000000
0.284000 0.778286 0.000000
0.436000 0.782286 0.000000
0.294857 0.784571 0.000000
0.425714 0.788000 0.000000
0.305143 0.789143 0.000000
0.413143 0.792571 0.000000
0.319429 0.794286 0.000000
0.400571 0.794857 0.000000
0.329143 0.796000 0.000000
0.338286 0.798286 0.000000
0.389143 0.798286 0.000000
0.349143 0.800000 0.000000
0.361143 0.800571 0.000000
0.373143 0.800571 0.000000
0.324000 0.969143 0.000000
0.351429 0.969143 0.000000
0.392000 0.969143 0.000000
0.341714 0.969714 0.000000
0.369714 0.969714 0.000000
0.408000 0.969714 0.000000
0.422286 0.969714 0.000000
0.433143 0.969714 0.000000
0.449143 0.969714 0.000000
0.467429 0.969714 0.000000
0.106327 0.263265 0.000000
0.341837 0.267251 0.000000
0.378571 0.294375 0.000000
0.378571 0.433967 0.000000
0.410816 0.387844 0.000000
0.351633 0.383355 0.000000
0.349184 0.350702 0.000000
0.374898 0.336824 0.000000
0.341429 0.675166 0.000000
0.343878 0.636798 0.000000
0.365918 0.620064 0.000000
0.387143 0.638431 0.000000
0.390000 0.684145 0.000000
0.322245 0.743329 0.000000
0.336531 0.747003 0.000000
0.353265 0.752717 0.000000
0.424286 0.726186 0.000000
0.316939 0.969758 0.000000
0.474490 0.968125 0.000000
0.443061 0.971390 0.000000
0.457755 0.969349 0.000000
0.332041 0.968941 0.000000
