0
0
0
0
0
0
1
1
2
2
2
2
2
2
2
2
2
2
2
2
3
3
3
3
4
3
2
3
3
3
3
3
5
3
5
5
3
5
5
5
5
5
5
5
6
5
7
5
5
8
5
5
9
9
5
5
5
10
5
11
5
5
5
5
5
5
5
5
5
5
5
12
12
12
12
12
12
12
12
12
12
12
13
13
13
13
13
12
13
13
13
13
13
12
13
13
14
14
14
13
14
14
12
14
14
14
14
14
14
14
12
15
14
15
15
12
15
15
15
15
16
12
15
15
12
15
12
17
18
12
15
15
12
15
15
12
12
15
15
19
19
12
15
15
12
12
20
21
15
15
12
22
12
12
15
12
12
15
15
12
15
12
12
15
15
12
12
12
12
12
12
12
12
12
12
12
12
12
12
12
12
12
12
12
23
23
23
23
23
23
23
23
23
23
4
3
24
25
26
27
28
29
30
31
32
33
34
15
15
15
15
23
23
23
23
23
