72 73
67 68
90 97
164 165
125 128
118 122
159 160
152 154
8 9
127 134
40 41
11 14
155 156
175 177
137 138
247 248
7 10
194 199
18 19
67 70
188 189
87 91
176 178
14 15
191 194
228 243
23 27
2 4
129 130
106 107
132 135
151 153
94 96
231 232
15 16
120 124
158 163
47 48
53 55
96 99
145 147
35 37
232 249
150 152
38 39
86 88
80 81
91 93
75 76
197 202
192 197
16 17
79 85
119 121
230 245
42 45
108 109
154 161
139 142
101 103
12 13
49 50
104 105
1 3
92 94
195 198
189 191
231 236
110 111
93 95
33 35
50 51
64 68
98 100
82 83
59 63
108 111
163 166
142 143
190 192
84 86
46 47
22 25
239 240
23 24
134 139
234 235
121 123
131 133
115 116
19 20
45 48
79 80
24 25
72 74
56 57
136 141
137 140
99 101
147 150
20 21
51 54
52 53
46 49
208 209
112 113
57 58
89 90
155 157
36 38
196 201
63 65
55 60
120 126
32 34
193 195
171 174
188 190
26 27
58 62
237 238
182 183
21 22
69 71
229 234
228 244
78 83
129 131
113 114
17 18
205 206
238 239
198 200
236 248
174 175
64 65
200 203
162 164
211 212
26 29
165 169
5 6
141 144
87 88
130 132
75 77
244 245
28 29
71 73
185 186
180 181
156 159
240 250
61 62
126 127
104 106
97 100
169 171
186 187
218 219
2 3
179 182
172 176
28 31
117 118
110 112
82 84
128 136
41 43
146 151
219 220
246 247
77 81
181 184
143 145
170 172
242 243
235 237
74 76
36 37
122 125
233 249
183 184
42 44
59 60
4 5
107 109
229 233
69 70
61 66
144 146
161 162
0 1
153 158
204 206
102 105
30 32
102 103
166 170
193 196
177 179
33 34
202 208
230 246
43 44
203 207
39 40
178 180
10 13
11 12
114 116
92 95
54 56
85 89
117 124
6 9
7 8
