952.000000 301.999250 0.000000
907.000500 305.999750 0.000000
863.999500 307.000750 0.000000
886.000500 307.000750 0.000000
840.000000 308.000000 0.000000
818.000750 308.999250 0.000000
795.999750 310.000250 0.000000
735.999250 312.000500 0.000000
760.000500 312.000500 0.000000
777.000000 312.000500 0.000000
709.000250 312.999750 0.000000
609.999250 314.000750 0.000000
660.000250 314.000750 0.000000
683.000500 314.000750 0.000000
581.000000 319.000500 0.000000
557.999750 321.000750 0.000000
531.000750 322.000000 0.000000
506.000250 324.000250 0.000000
480.999750 324.999500 0.000000
454.000750 326.000500 0.000000
429.000250 326.999750 0.000000
403.000500 328.000750 0.000000
375.000500 329.000000 0.000000
284.999750 329.999250 0.000000
317.999500 329.999250 0.000000
345.000250 329.999250 0.000000
230.000750 331.000250 0.000000
256.999750 331.999500 0.000000
182.999250 333.999750 0.000000
207.999750 333.999750 0.000000
839.000750 338.000250 0.000000
149.999500 338.999500 0.000000
805.000000 340.000500 0.000000
741.000750 340.999750 0.000000
765.000250 340.999750 0.000000
716.000250 343.999250 0.000000
672.999250 345.000250 0.000000
693.999250 345.000250 0.000000
651.999250 347.000500 0.000000
625.999500 347.999750 0.000000
604.999500 349.000750 0.000000
578.999750 350.000000 0.000000
490.000000 352.999500 0.000000
538.000750 352.999500 0.000000
515.999750 354.000500 0.000000
464.000250 357.000000 0.000000
396.999750 357.999250 0.000000
424.000500 359.000250 0.000000
443.999500 359.000250 0.000000
373.999500 359.999500 0.000000
352.000250 361.000500 0.000000
324.999500 361.999750 0.000000
865.000500 364.000000 0.000000
832.000750 364.999250 0.000000
296.000250 366.000250 0.000000
802.999750 368.000500 0.000000
275.000250 368.999750 0.000000
247.000250 370.000750 0.000000
221.999750 371.000000 0.000000
751.000250 371.000000 0.000000
779.999500 371.000000 0.000000
179.000500 373.000250 0.000000
203.999250 373.000250 0.000000
723.999500 373.000250 0.000000
681.000250 373.999500 0.000000
702.000250 373.999500 0.000000
154.999250 375.999750 0.000000
615.000750 375.999750 0.000000
644.000000 375.999750 0.000000
555.999500 378.999250 0.000000
583.999500 378.999250 0.000000
522.999750 382.000500 0.000000
471.999500 384.000750 0.000000
497.999250 384.000750 0.000000
447.000750 385.999250 0.000000
406.999250 387.000250 0.000000
422.999500 387.999500 0.000000
380.999500 389.999750 0.000000
944.000750 391.000750 0.000000
308.000000 392.999250 0.000000
336.999250 392.999250 0.000000
359.000250 392.999250 0.000000
891.999500 392.999250 0.000000
912.999500 392.999250 0.000000
856.000250 394.999500 0.000000
286.000750 396.000500 0.000000
830.999750 396.999750 0.000000
779.999500 398.000750 0.000000
805.999250 398.000750 0.000000
258.000750 399.999250 0.000000
230.000750 401.000250 0.000000
748.000750 401.000250 0.000000
669.000500 401.999500 0.000000
718.000500 401.999500 0.000000
644.000000 403.999750 0.000000
690.999750 403.999750 0.000000
613.000500 405.000750 0.000000
198.999500 406.000000 0.000000
158.000500 406.999250 0.000000
583.999500 406.999250 0.000000
179.000500 408.000250 0.000000
559.000750 408.000250 0.000000
499.999500 410.999750 0.000000
527.000250 410.999750 0.000000
440.000750 413.000000 0.000000
464.000250 413.000000 0.000000
413.999250 415.999500 0.000000
387.000250 419.000750 0.000000
329.000000 422.999500 0.000000
354.999750 424.000500 0.000000
279.000750 427.999250 0.000000
303.999500 427.999250 0.000000
249.000500 431.999750 0.000000
221.000500 436.000250 0.000000
198.999500 436.999500 0.000000
161.000000 441.000000 0.000000
179.999750 441.000000 0.000000
408.999500 450.999500 0.000000
431.999750 452.000500 0.000000
744.999500 452.000500 0.000000
373.000250 452.999750 0.000000
723.999500 452.999750 0.000000
448.000000 454.000750 0.000000
711.000500 454.000750 0.000000
391.000750 455.000000 0.000000
466.000500 457.999500 0.000000
352.999500 462.000000 0.000000
340.999750 466.000500 0.000000
482.000750 466.000500 0.000000
807.999500 466.000500 0.000000
826.999250 466.000500 0.000000
784.999250 468.000750 0.000000
844.000500 468.000750 0.000000
763.000000 469.000000 0.000000
329.999250 473.999750 0.000000
860.000750 473.999750 0.000000
499.999500 478.999500 0.000000
238.000000 490.999250 0.000000
263.999750 490.999250 0.000000
310.999500 490.999250 0.000000
221.000500 494.999750 0.000000
518.999250 499.000250 0.000000
301.000000 501.000500 0.000000
294.999250 511.999250 0.000000
536.000500 520.999500 0.000000
284.000500 534.000250 0.000000
546.000000 541.999500 0.000000
277.000500 546.999250 0.000000
872.000500 553.000000 0.000000
732.999750 557.999750 0.000000
272.000750 560.999250 0.000000
555.999500 567.999250 0.000000
270.000500 574.000000 0.000000
557.000500 581.000000 0.000000
270.000500 587.000750 0.000000
830.000500 597.000250 0.000000
811.000750 599.000500 0.000000
849.000250 599.000500 0.000000
560.000000 599.999750 0.000000
793.000250 599.999750 0.000000
776.000750 601.000750 0.000000
270.999750 602.999250 0.000000
270.999750 615.000750 0.000000
555.999500 625.000250 0.000000
272.000750 627.999750 0.000000
277.000500 641.999750 0.000000
546.000000 643.000750 0.000000
732.999750 646.999500 0.000000
877.000250 648.000500 0.000000
284.000500 658.000000 0.000000
538.000750 665.000000 0.000000
294.000000 676.999750 0.000000
529.000500 679.000000 0.000000
809.000500 683.999750 0.000000
301.999250 688.000250 0.000000
310.000250 697.999750 0.000000
504.999250 704.000500 0.000000
331.999500 716.000250 0.000000
485.999500 721.000000 0.000000
350.999250 725.000500 0.000000
468.000750 728.999250 0.000000
448.999250 732.999750 0.000000
373.000250 734.000750 0.000000
399.000000 734.000750 0.000000
422.999500 735.000000 0.000000
739.000500 1024.999500 0.000000
725.000500 1028.000750 0.000000
711.000500 1029.000000 0.000000
804.000750 1033.000500 0.000000
786.999500 1033.999750 0.000000
826.000000 1035.000750 0.000000
772.000250 1036.999250 0.000000
847.000000 1043.000000 0.000000
410.000500 1047.000500 0.000000
744.000250 1047.000500 0.000000
394.000250 1047.999750 0.000000
431.999750 1049.000750 0.000000
870.000250 1052.000250 0.000000
378.999250 1052.999500 0.000000
728.000000 1054.000500 0.000000
364.999250 1057.000000 0.000000
459.000500 1057.000000 0.000000
893.999750 1063.000750 0.000000
345.000250 1064.999250 0.000000
286.000750 1066.999500 0.000000
252.999250 1068.000500 0.000000
268.999500 1068.999750 0.000000
324.999500 1071.999250 0.000000
909.000750 1075.999750 0.000000
921.000500 1089.000500 0.000000
805.999250 1096.999750 0.000000
398.000750 1108.999500 0.000000
413.000000 1108.999500 0.000000
870.000250 1124.999750 0.000000
471.999500 1136.000250 0.000000
732.999750 1136.000250 0.000000
331.000250 1150.999500 0.000000
793.999500 1166.000500 0.000000
431.999750 1183.999250 0.000000
408.999500 1185.000250 0.000000
387.000250 1185.999500 0.000000
405.000750 1206.999500 0.000000
875.000000 1211.999250 0.000000
482.000750 1222.999750 0.000000
734.000750 1227.000250 0.000000
345.000250 1241.000250 0.000000
797.000750 1257.000500 0.000000
415.000250 1266.000750 0.000000
548.999500 1694.000000 0.000000
709.000250 1694.000000 0.000000
581.000000 1694.999250 0.000000
643.000750 1694.999250 0.000000
662.000500 1694.999250 0.000000
688.000250 1694.999250 0.000000
725.000500 1694.999250 0.000000
744.999500 1694.999250 0.000000
630.000000 1696.000250 0.000000
763.000000 1696.000250 0.000000
774.000500 1696.000250 0.000000
791.000000 1696.000250 0.000000
805.999250 1696.000250 0.000000
381.428571 469.363839 0.000000
526.428571 1693.169643 0.000000
537.142857 1693.169643 0.000000
559.285714 1696.741071 0.000000
571.428571 1696.026786 0.000000
592.142857 1696.026786 0.000000
605.714286 1695.312500 0.000000
620.000000 1693.883929 0.000000
670.714286 1694.598214 0.000000
818.571429 1694.598214 0.000000
804.285714 518.683036 0.000000
