0.544000 0.172571 0.000000
0.518286 0.174857 0.000000
0.493714 0.175429 0.000000
0.506286 0.175429 0.000000
0.480000 0.176000 0.000000
0.467429 0.176571 0.000000
0.454857 0.177143 0.000000
0.420571 0.178286 0.000000
0.434286 0.178286 0.000000
0.444000 0.178286 0.000000
0.405143 0.178857 0.000000
0.348571 0.179429 0.000000
0.377143 0.179429 0.000000
0.390286 0.179429 0.000000
0.332000 0.182286 0.000000
0.318857 0.183429 0.000000
0.303429 0.184000 0.000000
0.289143 0.185143 0.000000
0.274857 0.185714 0.000000
0.259429 0.186286 0.000000
0.245143 0.186857 0.000000
0.230286 0.187429 0.000000
0.214286 0.188000 0.000000
0.162857 0.188571 0.000000
0.181714 0.188571 0.000000
0.197143 0.188571 0.000000
0.131429 0.189143 0.000000
0.146857 0.189714 0.000000
0.104571 0.190857 0.000000
0.118857 0.190857 0.000000
0.479429 0.193143 0.000000
0.085714 0.193714 0.000000
0.460000 0.194286 0.000000
0.423429 0.194857 0.000000
0.437143 0.194857 0.000000
0.409143 0.196571 0.000000
0.384571 0.197143 0.000000
0.396571 0.197143 0.000000
0.372571 0.198286 0.000000
0.357714 0.198857 0.000000
0.345714 0.199429 0.000000
0.330857 0.200000 0.000000
0.280000 0.201714 0.000000
0.307429 0.201714 0.000000
0.294857 0.202286 0.000000
0.265143 0.204000 0.000000
0.226857 0.204571 0.000000
0.242286 0.205143 0.000000
0.253714 0.205143 0.000000
0.213714 0.205714 0.000000
0.201143 0.206286 0.000000
0.185714 0.206857 0.000000
0.494286 0.208000 0.000000
0.475429 0.208571 0.000000
0.169143 0.209143 0.000000
0.458857 0.210286 0.000000
0.157143 0.210857 0.000000
0.141143 0.211429 0.000000
0.126857 0.212000 0.000000
0.429143 0.212000 0.000000
0.445714 0.212000 0.000000
0.102286 0.213143 0.000000
0.116571 0.213143 0.000000
0.413714 0.213143 0.000000
0.389143 0.213714 0.000000
0.401143 0.213714 0.000000
0.088571 0.214857 0.000000
0.351429 0.214857 0.000000
0.368000 0.214857 0.000000
0.317714 0.216571 0.000000
0.333714 0.216571 0.000000
0.298857 0.218286 0.000000
0.269714 0.219429 0.000000
0.284571 0.219429 0.000000
0.255429 0.220571 0.000000
0.232571 0.221143 0.000000
0.241714 0.221714 0.000000
0.217714 0.222857 0.000000
0.539429 0.223429 0.000000
0.176000 0.224571 0.000000
0.192571 0.224571 0.000000
0.205143 0.224571 0.000000
0.509714 0.224571 0.000000
0.521714 0.224571 0.000000
0.489143 0.225714 0.000000
0.163429 0.226286 0.000000
0.474857 0.226857 0.000000
0.445714 0.227429 0.000000
0.460571 0.227429 0.000000
0.147429 0.228571 0.000000
0.131429 0.229143 0.000000
0.427429 0.229143 0.000000
0.382286 0.229714 0.000000
0.410286 0.229714 0.000000
0.368000 0.230857 0.000000
0.394857 0.230857 0.000000
0.350286 0.231429 0.000000
0.113714 0.232000 0.000000
0.090286 0.232571 0.000000
0.333714 0.232571 0.000000
0.102286 0.233143 0.000000
0.319429 0.233143 0.000000
0.285714 0.234857 0.000000
0.301143 0.234857 0.000000
0.251429 0.236000 0.000000
0.265143 0.236000 0.000000
0.236571 0.237714 0.000000
0.221143 0.239429 0.000000
0.188000 0.241714 0.000000
0.202857 0.242286 0.000000
0.159429 0.244571 0.000000
0.173714 0.244571 0.000000
0.142286 0.246857 0.000000
0.126286 0.249143 0.000000
0.113714 0.249714 0.000000
0.092000 0.252000 0.000000
0.102857 0.252000 0.000000
0.233714 0.257714 0.000000
0.246857 0.258286 0.000000
0.425714 0.258286 0.000000
0.213143 0.258857 0.000000
0.413714 0.258857 0.000000
0.256000 0.259429 0.000000
0.406286 0.259429 0.000000
0.223429 0.260000 0.000000
0.266286 0.261714 0.000000
0.201714 0.264000 0.000000
0.194857 0.266286 0.000000
0.275429 0.266286 0.000000
0.461714 0.266286 0.000000
0.472571 0.266286 0.000000
0.448571 0.267429 0.000000
0.482286 0.267429 0.000000
0.436000 0.268000 0.000000
0.188571 0.270857 0.000000
0.491429 0.270857 0.000000
0.285714 0.273714 0.000000
0.136000 0.280571 0.000000
0.150857 0.280571 0.000000
0.177714 0.280571 0.000000
0.126286 0.282857 0.000000
0.296571 0.285143 0.000000
0.172000 0.286286 0.000000
0.168571 0.292571 0.000000
0.306286 0.297714 0.000000
0.162286 0.305143 0.000000
0.312000 0.309714 0.000000
0.158286 0.312571 0.000000
0.498286 0.316000 0.000000
0.418857 0.318857 0.000000
0.155429 0.320571 0.000000
0.317714 0.324571 0.000000
0.154286 0.328000 0.000000
0.318286 0.332000 0.000000
0.154286 0.335429 0.000000
0.474286 0.341143 0.000000
0.463429 0.342286 0.000000
0.485143 0.342286 0.000000
0.320000 0.342857 0.000000
0.453143 0.342857 0.000000
0.443429 0.343429 0.000000
0.154857 0.344571 0.000000
0.154857 0.351429 0.000000
0.317714 0.357143 0.000000
0.155429 0.358857 0.000000
0.158286 0.366857 0.000000
0.312000 0.367429 0.000000
0.418857 0.369714 0.000000
0.501143 0.370286 0.000000
0.162286 0.376000 0.000000
0.307429 0.380000 0.000000
0.168000 0.386857 0.000000
0.302286 0.388000 0.000000
0.462286 0.390857 0.000000
0.172571 0.393143 0.000000
0.177143 0.398857 0.000000
0.288571 0.402286 0.000000
0.189714 0.409143 0.000000
0.277714 0.412000 0.000000
0.200571 0.414286 0.000000
0.267429 0.416571 0.000000
0.256571 0.418857 0.000000
0.213143 0.419429 0.000000
0.228000 0.419429 0.000000
0.241714 0.420000 0.000000
0.422286 0.585714 0.000000
0.414286 0.587429 0.000000
0.406286 0.588000 0.000000
0.459429 0.590286 0.000000
0.449714 0.590857 0.000000
0.472000 0.591429 0.000000
0.441143 0.592571 0.000000
0.484000 0.596000 0.000000
0.234286 0.598286 0.000000
0.425143 0.598286 0.000000
0.225143 0.598857 0.000000
0.246857 0.599429 0.000000
0.497143 0.601143 0.000000
0.216571 0.601714 0.000000
0.416000 0.602286 0.000000
0.208571 0.604000 0.000000
0.262286 0.604000 0.000000
0.510857 0.607429 0.000000
0.197143 0.608571 0.000000
0.163429 0.609714 0.000000
0.144571 0.610286 0.000000
0.153714 0.610857 0.000000
0.185714 0.612571 0.000000
0.519429 0.614857 0.000000
0.526286 0.622286 0.000000
0.460571 0.626857 0.000000
0.227429 0.633714 0.000000
0.236000 0.633714 0.000000
0.497143 0.642857 0.000000
0.269714 0.649143 0.000000
0.418857 0.649143 0.000000
0.189143 0.657714 0.000000
0.453714 0.666286 0.000000
0.246857 0.676571 0.000000
0.233714 0.677143 0.000000
0.221143 0.677714 0.000000
0.231429 0.689714 0.000000
0.500000 0.692571 0.000000
0.275429 0.698857 0.000000
0.419429 0.701143 0.000000
0.197143 0.709143 0.000000
0.455429 0.718286 0.000000
0.237143 0.723429 0.000000
0.313714 0.968000 0.000000
0.405143 0.968000 0.000000
0.332000 0.968571 0.000000
0.367429 0.968571 0.000000
0.378286 0.968571 0.000000
0.393143 0.968571 0.000000
0.414286 0.968571 0.000000
0.425714 0.968571 0.000000
0.360000 0.969143 0.000000
0.436000 0.969143 0.000000
0.442286 0.969143 0.000000
0.452000 0.969143 0.000000
0.460571 0.969143 0.000000
0.217959 0.268208 0.000000
0.300816 0.967526 0.000000
0.306939 0.967526 0.000000
0.319592 0.969566 0.000000
0.326531 0.969158 0.000000
0.338367 0.969158 0.000000
0.346122 0.968750 0.000000
0.354286 0.967934 0.000000
0.383265 0.968342 0.000000
0.467755 0.968342 0.000000
0.459592 0.296390 0.000000
