0
0
0
0
0
0
0
0
0
0
0
0
0
0
0
0
0
0
0
0
0
0
0
0
0
0
0
0
0
0
1
0
1
1
1
1
1
1
1
1
1
1
1
1
1
1
1
1
1
1
1
1
2
2
1
2
1
1
1
2
2
1
1
2
2
2
1
2
2
2
2
2
2
2
2
2
2
2
3
2
2
2
3
3
3
2
3
3
3
2
2
3
3
3
3
3
3
2
2
3
2
3
3
3
3
3
3
3
3
3
3
3
3
3
3
3
3
4
4
5
4
5
4
5
4
4
4
4
4
6
6
6
6
6
4
6
4
7
7
4
7
4
4
4
4
4
4
4
8
9
4
4
4
4
4
10
10
10
4
10
10
4
4
4
4
4
4
11
12
4
4
4
4
13
4
4
4
4
4
4
4
4
4
4
4
14
14
14
15
15
15
15
15
16
15
16
16
15
16
15
16
16
15
16
17
17
17
16
15
15
18
19
19
20
21
22
23
24
25
25
25
26
27
28
29
30
31
32
33
33
33
33
33
33
33
33
33
33
33
33
33
34
33
33
33
33
33
33
33
33
33
35
