409 415
198 213
67 68
99 100
70 73
398 405
40 41
339 346
380 384
391 393
192 193
203 211
243 247
133 134
324 330
125 130
74 75
265 271
365 367
288 291
206 212
47 48
250 255
107 108
366 368
48 49
80 81
331 337
310 314
66 75
177 180
409 414
88 90
379 382
228 231
390 391
207 208
77 80
328 336
151 154
305 307
332 333
202 214
106 115
187 189
36 38
214 215
387 390
21 22
191 195
113 114
54 55
146 147
43 45
302 305
354 361
338 344
227 229
276 280
28 29
88 89
120 121
368 372
180 181
29 30
77 79
61 62
309 313
121 122
352 363
2 3
62 63
94 95
154 155
72 76
397 398
364 373
95 96
386 388
36 37
68 69
128 129
335 342
160 161
371 372
220 221
69 70
101 102
268 279
161 162
31 34
153 158
10 11
91 94
253 254
135 136
375 383
378 379
149 156
197 205
168 169
330 335
360 366
234 236
223 226
64 71
65 72
79 83
301 303
42 52
150 152
134 135
112 116
290 293
91 93
374 381
215 217
267 273
124 126
216 218
256 263
297 301
356 359
300 306
157 159
27 31
201 202
50 51
42 47
349 356
333 339
142 143
20 28
222 224
39 41
234 235
403 412
24 25
56 57
164 166
208 209
78 81
167 168
57 58
149 150
259 269
400 406
370 374
341 347
182 183
311 315
282 288
144 147
123 124
326 331
174 175
5 6
359 364
285 289
396 413
248 249
97 98
369 377
348 354
389 392
189 190
399 405
362 365
44 46
222 223
271 274
122 123
37 43
137 139
245 248
407 408
269 276
377 385
230 232
299 304
278 281
148 153
63 64
399 400
200 209
4 14
44 50
133 137
314 319
236 238
244 251
317 321
177 179
188 194
130 131
291 295
270 272
351 355
163 164
292 296
4 9
141 145
233 237
103 109
325 329
96 97
266 270
229 230
126 128
358 362
199 207
170 171
210 216
192 195
203 204
321 327
162 163
273 277
85 86
155 160
272 416
258 261
18 23
107 110
347 357
118 119
350 353
0 2
210 211
280 285
169 170
380 381
383 386
313 318
125 127
51 52
173 176
217 219
357 369
7 9
247 256
287 292
110 115
25 26
353 358
165 167
376 378
14 16
246 250
294 299
394 395
327 332
306 309
312 316
132 138
84 85
254 258
346 350
65 71
117 118
319 323
279 287
58 59
260 264
239 241
320 324
393 394
242 252
261 265
224 225
293 297
342 348
382 384
231 233
32 33
361 370
165 166
264 266
235 239
198 199
408 414
139 140
98 99
401 402
172 173
131 132
363 375
24 33
397 404
87 89
49 53
138 140
316 317
179 190
401 406
1 8
345 352
315 320
127 129
38 39
396 412
238 240
257 262
289 294
101 103
12 13
182 186
104 105
274 278
1 3
334 338
252 259
45 46
105 106
296 302
344 351
323 328
307 311
108 111
367 371
186 188
308 312
19 20
197 206
249 253
142 145
12 17
255 260
112 113
104 109
204 205
196 201
53 54
175 178
385 387
304 310
185 191
388 389
26 27
86 87
277 283
337 343
282 416
262 267
119 120
241 244
111 116
60 61
141 144
263 268
295 300
355 360
212 213
245 246
237 242
318 325
329 334
8 10
0 6
11 15
100 102
148 151
281 284
82 84
240 243
219 220
181 184
303 308
392 395
152 157
403 404
225 227
74 76
196 200
15 17
193 194
7 13
226 228
18 22
59 60
78 82
178 187
19 23
251 257
92 93
30 32
343 349
184 185
410 411
402 407
284 290
34 35
66 67
373 376
174 176
158 159
336 345
