324.999500 277.000500 0.000000
394.000250 277.000500 0.000000
349.000750 277.999750 0.000000
370.000750 277.999750 0.000000
714.999250 279.000750 0.000000
275.999500 280.000000 0.000000
298.999750 280.000000 0.000000
653.999500 280.000000 0.000000
443.000250 280.999250 0.000000
686.000000 280.999250 0.000000
480.000500 282.000250 0.000000
531.000750 282.000250 0.000000
604.999500 282.000250 0.000000
630.000000 282.000250 0.000000
746.000500 282.000250 0.000000
567.999250 284.000500 0.000000
760.999750 284.000500 0.000000
585.000500 284.999750 0.000000
324.000250 322.000000 0.000000
363.000750 322.999250 0.000000
385.999250 322.999250 0.000000
277.000500 324.000250 0.000000
298.000500 324.000250 0.000000
343.999250 324.000250 0.000000
608.000750 326.000500 0.000000
629.000750 326.000500 0.000000
655.999750 326.000500 0.000000
679.000000 326.000500 0.000000
443.000250 326.999750 0.000000
476.000000 326.999750 0.000000
520.000250 328.000750 0.000000
702.999500 328.000750 0.000000
560.999250 329.000000 0.000000
585.000500 329.000000 0.000000
730.999500 329.999250 0.000000
746.999750 329.999250 0.000000
361.000500 366.999500 0.000000
378.999250 366.999500 0.000000
340.000500 368.000500 0.000000
319.000500 368.999750 0.000000
275.000250 370.000750 0.000000
296.000250 371.000000 0.000000
625.999500 371.000000 0.000000
441.000000 371.999250 0.000000
527.000250 371.999250 0.000000
471.999500 373.000250 0.000000
513.999500 373.000250 0.000000
648.999750 373.000250 0.000000
672.999250 373.000250 0.000000
702.000250 373.000250 0.000000
560.999250 373.999500 0.000000
583.999500 373.999500 0.000000
606.000500 373.999500 0.000000
716.999500 373.999500 0.000000
732.000500 375.999750 0.000000
744.999500 375.999750 0.000000
277.000500 408.000250 0.000000
298.000500 408.000250 0.000000
317.999500 408.000250 0.000000
364.000000 408.000250 0.000000
387.999500 410.000500 0.000000
412.000750 412.000750 0.000000
440.000750 413.000000 0.000000
464.999500 413.999250 0.000000
490.000000 417.000500 0.000000
539.999250 417.000500 0.000000
693.000000 417.000500 0.000000
716.999500 417.000500 0.000000
737.999500 417.000500 0.000000
760.999750 417.000500 0.000000
784.000000 417.000500 0.000000
520.999500 417.999750 0.000000
581.999250 417.999750 0.000000
809.000500 417.999750 0.000000
650.000750 419.000750 0.000000
671.000750 419.000750 0.000000
611.999500 420.000000 0.000000
312.999750 445.000500 0.000000
375.000500 445.999750 0.000000
296.000250 447.000750 0.000000
326.000500 447.000750 0.000000
349.000750 447.000750 0.000000
399.999250 447.000750 0.000000
275.999500 448.000000 0.000000
436.999500 448.000000 0.000000
469.999250 452.000500 0.000000
503.000750 454.000750 0.000000
534.999500 455.000000 0.000000
609.999250 455.000000 0.000000
574.000000 455.999250 0.000000
630.999250 457.000250 0.000000
329.000000 485.000250 0.000000
284.999750 485.999500 0.000000
305.000500 485.999500 0.000000
350.999250 485.999500 0.000000
378.999250 485.999500 0.000000
403.000500 489.000750 0.000000
431.999750 490.000000 0.000000
448.999250 492.000250 0.000000
473.999750 492.999500 0.000000
490.999250 496.000750 0.000000
529.999750 496.000750 0.000000
513.999500 497.999250 0.000000
548.999500 497.999250 0.000000
590.000250 497.999250 0.000000
608.000750 497.999250 0.000000
641.999750 497.999250 0.000000
714.999250 497.999250 0.000000
742.000000 497.999250 0.000000
564.000500 499.000250 0.000000
693.000000 499.000250 0.000000
763.000000 499.000250 0.000000
812.000000 499.000250 0.000000
833.999250 499.000250 0.000000
860.000750 499.000250 0.000000
664.000750 499.999500 0.000000
784.999250 501.000500 0.000000
275.999500 525.000000 0.000000
300.000750 525.000000 0.000000
326.999750 525.000000 0.000000
350.000000 525.999250 0.000000
373.999500 527.000250 0.000000
406.000000 527.999500 0.000000
431.999750 529.999750 0.000000
455.000000 532.999250 0.000000
581.000000 534.999500 0.000000
482.000750 536.000500 0.000000
553.000000 536.000500 0.000000
504.999250 536.999750 0.000000
525.999250 536.999750 0.000000
606.000500 538.000750 0.000000
634.000500 538.000750 0.000000
665.999250 539.999250 0.000000
772.999500 539.999250 0.000000
793.999500 539.999250 0.000000
826.999250 539.999250 0.000000
853.000750 539.999250 0.000000
746.999750 541.000250 0.000000
690.000500 541.999500 0.000000
732.000500 541.999500 0.000000
714.999250 543.000500 0.000000
352.000250 564.999750 0.000000
413.999250 564.999750 0.000000
433.000750 564.999750 0.000000
324.999500 566.000750 0.000000
387.999500 566.000750 0.000000
275.000250 567.000000 0.000000
298.000500 567.000000 0.000000
457.000250 602.999250 0.000000
300.000750 604.000250 0.000000
328.000750 604.000250 0.000000
473.000500 604.000250 0.000000
350.000000 604.999500 0.000000
438.999750 604.999500 0.000000
494.000500 604.999500 0.000000
518.999250 604.999500 0.000000
277.999750 606.000500 0.000000
370.000750 606.000500 0.000000
415.000250 606.000500 0.000000
385.999250 606.999750 0.000000
545.000750 606.999750 0.000000
574.000000 609.000000 0.000000
595.000000 609.999250 0.000000
623.999250 611.000250 0.000000
646.999500 611.999500 0.000000
707.999250 613.000500 0.000000
671.000750 615.000750 0.000000
732.000500 615.000750 0.000000
758.000250 615.000750 0.000000
784.999250 615.000750 0.000000
812.999250 616.000000 0.000000
833.000000 616.000000 0.000000
284.999750 644.999250 0.000000
314.000750 646.999500 0.000000
364.000000 648.000500 0.000000
396.999750 648.000500 0.000000
338.000250 648.999750 0.000000
538.000750 648.999750 0.000000
422.999500 650.000750 0.000000
511.000000 650.000750 0.000000
560.000000 650.000750 0.000000
590.000250 650.000750 0.000000
867.000750 650.000750 0.000000
888.000750 650.000750 0.000000
609.999250 651.000000 0.000000
632.000250 651.000000 0.000000
839.000750 651.000000 0.000000
450.000250 651.999250 0.000000
800.000250 651.999250 0.000000
475.000750 653.000250 0.000000
494.000500 653.000250 0.000000
665.000000 653.000250 0.000000
718.999750 653.000250 0.000000
744.000250 653.000250 0.000000
770.999250 653.000250 0.000000
688.000250 653.999500 0.000000
735.000000 756.999250 0.000000
443.999500 758.000250 0.000000
559.000750 758.000250 0.000000
588.000000 758.000250 0.000000
709.999500 758.000250 0.000000
758.999500 758.000250 0.000000
781.999750 758.000250 0.000000
377.000750 758.999500 0.000000
398.000750 758.999500 0.000000
424.000500 758.999500 0.000000
464.999500 758.999500 0.000000
623.000000 758.999500 0.000000
651.999250 758.999500 0.000000
681.000250 758.999500 0.000000
331.999500 760.000500 0.000000
354.999750 760.000500 0.000000
497.999250 760.000500 0.000000
527.999500 760.000500 0.000000
807.999500 760.000500 0.000000
844.000500 760.999750 0.000000
308.000000 762.000750 0.000000
872.000500 762.000750 0.000000
287.000000 763.000000 0.000000
896.000000 763.999250 0.000000
917.999250 763.999250 0.000000
938.999250 765.000250 0.000000
683.999750 959.999250 0.000000
707.000000 959.999250 0.000000
658.999250 961.000250 0.000000
641.000500 961.999500 0.000000
732.999750 963.999750 0.000000
623.999250 966.999250 0.000000
763.000000 970.000500 0.000000
606.999750 970.999750 0.000000
588.000000 977.999750 0.000000
786.999500 979.000750 0.000000
569.000250 984.999750 0.000000
805.999250 987.000000 0.000000
681.000250 994.999250 0.000000
660.999500 996.999500 0.000000
702.999500 996.999500 0.000000
823.000500 996.999500 0.000000
728.999250 1001.000000 0.000000
634.000500 1003.999500 0.000000
749.000000 1005.000500 0.000000
615.000750 1008.999250 0.000000
839.000750 1008.999250 0.000000
767.000500 1010.999500 0.000000
599.000500 1017.000250 0.000000
681.000250 1019.000500 0.000000
700.999250 1019.000500 0.000000
791.000000 1019.000500 0.000000
665.000000 1019.999750 0.000000
646.000250 1022.000000 0.000000
725.999750 1022.999250 0.000000
583.999500 1024.000250 0.000000
858.000500 1026.999750 0.000000
630.999250 1028.000750 0.000000
618.000250 1031.999500 0.000000
758.000250 1033.000500 0.000000
818.000750 1035.000750 0.000000
564.999750 1038.000250 0.000000
604.999500 1038.999500 0.000000
872.999750 1043.999250 0.000000
779.000250 1047.999750 0.000000
585.000500 1050.000000 0.000000
546.000000 1052.999500 0.000000
835.000250 1052.999500 0.000000
795.000500 1054.000500 0.000000
567.999250 1059.999500 0.000000
807.000250 1061.000500 0.000000
532.999250 1064.000000 0.000000
854.999250 1066.000250 0.000000
896.000000 1070.000750 0.000000
821.999500 1071.999250 0.000000
555.000250 1073.000250 0.000000
835.000250 1084.000750 0.000000
513.999500 1087.000250 0.000000
541.999500 1089.000500 0.000000
681.999500 1091.000750 0.000000
914.000500 1096.000500 0.000000
497.000000 1101.000250 0.000000
527.000250 1105.000750 0.000000
889.000000 1113.999250 0.000000
924.999250 1115.999500 0.000000
518.000000 1120.000000 0.000000
865.000500 1124.000500 0.000000
483.000000 1127.000000 0.000000
506.000250 1136.000250 0.000000
933.999500 1136.999500 0.000000
583.000250 1141.999250 0.000000
895.000750 1141.999250 0.000000
872.999750 1145.999750 0.000000
942.999750 1154.000750 0.000000
499.000250 1159.999750 0.000000
882.000000 1166.000500 0.000000
907.000500 1166.000500 0.000000
494.999750 1176.000000 0.000000
949.000500 1176.999250 0.000000
884.999500 1187.999750 0.000000
910.000000 1187.999750 0.000000
492.000250 1192.999500 0.000000
681.000250 1199.999500 0.000000
949.000500 1199.999500 0.000000
889.000000 1206.000250 0.000000
490.000000 1206.999500 0.000000
910.000000 1208.000500 0.000000
490.999250 1220.000250 0.000000
952.000000 1222.000500 0.000000
910.999250 1225.000000 0.000000
891.000250 1227.999500 0.000000
912.000250 1238.000750 0.000000
490.000000 1245.000750 0.000000
891.000250 1248.000250 0.000000
951.000750 1248.000250 0.000000
912.000250 1259.000750 0.000000
494.999750 1264.999750 0.000000
888.000750 1264.999750 0.000000
954.000250 1269.999500 0.000000
910.999250 1274.999250 0.000000
501.000500 1276.999500 0.000000
506.999500 1290.000250 0.000000
882.000000 1290.000250 0.000000
947.999500 1290.999500 0.000000
903.999250 1299.999750 0.000000
511.000000 1304.000250 0.000000
793.999500 1306.999750 0.000000
938.999250 1311.000250 0.000000
898.000250 1316.999250 0.000000
870.999500 1318.999500 0.000000
494.000500 1320.000500 0.000000
520.000250 1320.999750 0.000000
933.000250 1330.999250 0.000000
861.999250 1332.000250 0.000000
889.999250 1332.999500 0.000000
504.000000 1336.000750 0.000000
531.000750 1337.000000 0.000000
541.000250 1350.000750 0.000000
851.000500 1350.000750 0.000000
877.999500 1350.000750 0.000000
919.999500 1353.000250 0.000000
515.999750 1362.000500 0.000000
839.000750 1365.999250 0.000000
555.000250 1367.000250 0.000000
695.999500 1367.000250 0.000000
483.000000 1369.000500 0.000000
863.000250 1369.000500 0.000000
529.000500 1372.999250 0.000000
821.000250 1376.999750 0.000000
900.999750 1381.999500 0.000000
571.000500 1383.999750 0.000000
497.999250 1390.000500 0.000000
842.999500 1390.999750 0.000000
543.999750 1393.000000 0.000000
588.000000 1393.000000 0.000000
795.999750 1397.000500 0.000000
888.000750 1397.000500 0.000000
606.999750 1402.000250 0.000000
832.000750 1404.000500 0.000000
777.999250 1406.000750 0.000000
562.000250 1407.999250 0.000000
515.999750 1409.000250 0.000000
623.000000 1409.999500 0.000000
576.999500 1414.000000 0.000000
760.000500 1414.000000 0.000000
816.000500 1414.999250 0.000000
637.999250 1416.000250 0.000000
870.999500 1416.000250 0.000000
590.000250 1420.000750 0.000000
655.000500 1420.000750 0.000000
739.000500 1420.000750 0.000000
672.000000 1421.999250 0.000000
723.000250 1423.000250 0.000000
531.000750 1425.000500 0.000000
793.000250 1425.999750 0.000000
688.000250 1427.000750 0.000000
704.999750 1427.000750 0.000000
608.000750 1430.999500 0.000000
779.999500 1430.999500 0.000000
854.999250 1430.999500 0.000000
627.999750 1435.999250 0.000000
552.000750 1439.999750 0.000000
644.999250 1439.999750 0.000000
664.000750 1444.000250 0.000000
725.999750 1444.000250 0.000000
749.000000 1444.000250 0.000000
683.999750 1446.999750 0.000000
837.000500 1446.999750 0.000000
704.000500 1448.000750 0.000000
576.000250 1453.999750 0.000000
814.999500 1458.999500 0.000000
594.000750 1465.999500 0.000000
797.000750 1467.000500 0.000000
772.999500 1474.999750 0.000000
616.999250 1476.000750 0.000000
639.999500 1479.999500 0.000000
749.000000 1481.000500 0.000000
665.000000 1481.999750 0.000000
693.000000 1483.000750 0.000000
720.000750 1483.000750 0.000000
529.999750 1691.000500 0.000000
590.999500 1691.000500 0.000000
611.999500 1691.000500 0.000000
650.000750 1691.000500 0.000000
667.999500 1691.000500 0.000000
735.000000 1691.000500 0.000000
748.000750 1691.000500 0.000000
562.999500 1691.999750 0.000000
573.000750 1691.999750 0.000000
625.999500 1691.999750 0.000000
700.000000 1691.999750 0.000000
767.000500 1691.999750 0.000000
777.999250 1691.999750 0.000000
812.000000 1691.999750 0.000000
103.214286 431.428571 0.000000
141.071429 417.142857 0.000000
544.642857 1691.752232 0.000000
513.928571 1691.037946 0.000000
795.357143 1691.752232 0.000000
826.785714 1690.323661 0.000000
845.357143 1097.533482 0.000000
633.214286 1184.676339 0.000000
591.071429 1308.247768 0.000000
696.785714 1275.390625 0.000000
745.357143 1185.390625 0.000000
783.928571 1139.676339 0.000000
