0.185714 0.158286 0.000000
0.225143 0.158286 0.000000
0.199429 0.158857 0.000000
0.211429 0.158857 0.000000
0.408571 0.159429 0.000000
0.157714 0.160000 0.000000
0.170857 0.160000 0.000000
0.373714 0.160000 0.000000
0.253143 0.160571 0.000000
0.392000 0.160571 0.000000
0.274286 0.161143 0.000000
0.303429 0.161143 0.000000
0.345714 0.161143 0.000000
0.360000 0.161143 0.000000
0.426286 0.161143 0.000000
0.324571 0.162286 0.000000
0.434857 0.162286 0.000000
0.334286 0.162857 0.000000
0.185143 0.184000 0.000000
0.207429 0.184571 0.000000
0.220571 0.184571 0.000000
0.158286 0.185143 0.000000
0.170286 0.185143 0.000000
0.196571 0.185143 0.000000
0.347429 0.186286 0.000000
0.359429 0.186286 0.000000
0.374857 0.186286 0.000000
0.388000 0.186286 0.000000
0.253143 0.186857 0.000000
0.272000 0.186857 0.000000
0.297143 0.187429 0.000000
0.401714 0.187429 0.000000
0.320571 0.188000 0.000000
0.334286 0.188000 0.000000
0.417714 0.188571 0.000000
0.426857 0.188571 0.000000
0.206286 0.209714 0.000000
0.216571 0.209714 0.000000
0.194286 0.210286 0.000000
0.182286 0.210857 0.000000
0.157143 0.211429 0.000000
0.169143 0.212000 0.000000
0.357714 0.212000 0.000000
0.252000 0.212571 0.000000
0.301143 0.212571 0.000000
0.269714 0.213143 0.000000
0.293714 0.213143 0.000000
0.370857 0.213143 0.000000
0.384571 0.213143 0.000000
0.401143 0.213143 0.000000
0.320571 0.213714 0.000000
0.333714 0.213714 0.000000
0.346286 0.213714 0.000000
0.409714 0.213714 0.000000
0.418286 0.214857 0.000000
0.425714 0.214857 0.000000
0.158286 0.233143 0.000000
0.170286 0.233143 0.000000
0.181714 0.233143 0.000000
0.208000 0.233143 0.000000
0.221714 0.234286 0.000000
0.235429 0.235429 0.000000
0.251429 0.236000 0.000000
0.265714 0.236571 0.000000
0.280000 0.238286 0.000000
0.308571 0.238286 0.000000
0.396000 0.238286 0.000000
0.409714 0.238286 0.000000
0.421714 0.238286 0.000000
0.434857 0.238286 0.000000
0.448000 0.238286 0.000000
0.297714 0.238857 0.000000
0.332571 0.238857 0.000000
0.462286 0.238857 0.000000
0.371429 0.239429 0.000000
0.383429 0.239429 0.000000
0.349714 0.240000 0.000000
0.178857 0.254286 0.000000
0.214286 0.254857 0.000000
0.169143 0.255429 0.000000
0.186286 0.255429 0.000000
0.199429 0.255429 0.000000
0.228571 0.255429 0.000000
0.157714 0.256000 0.000000
0.249714 0.256000 0.000000
0.268571 0.258286 0.000000
0.287429 0.259429 0.000000
0.305714 0.260000 0.000000
0.348571 0.260000 0.000000
0.328000 0.260571 0.000000
0.360571 0.261143 0.000000
0.188000 0.277143 0.000000
0.162857 0.277714 0.000000
0.174286 0.277714 0.000000
0.200571 0.277714 0.000000
0.216571 0.277714 0.000000
0.230286 0.279429 0.000000
0.246857 0.280000 0.000000
0.256571 0.281143 0.000000
0.270857 0.281714 0.000000
0.280571 0.283429 0.000000
0.302857 0.283429 0.000000
0.293714 0.284571 0.000000
0.313714 0.284571 0.000000
0.337143 0.284571 0.000000
0.347429 0.284571 0.000000
0.366857 0.284571 0.000000
0.408571 0.284571 0.000000
0.424000 0.284571 0.000000
0.322286 0.285143 0.000000
0.396000 0.285143 0.000000
0.436000 0.285143 0.000000
0.464000 0.285143 0.000000
0.476571 0.285143 0.000000
0.491429 0.285143 0.000000
0.379429 0.285714 0.000000
0.448571 0.286286 0.000000
0.157714 0.300000 0.000000
0.171429 0.300000 0.000000
0.186857 0.300000 0.000000
0.200000 0.300571 0.000000
0.213714 0.301143 0.000000
0.232000 0.301714 0.000000
0.246857 0.302857 0.000000
0.260000 0.304571 0.000000
0.332000 0.305714 0.000000
0.275429 0.306286 0.000000
0.316000 0.306286 0.000000
0.288571 0.306857 0.000000
0.300571 0.306857 0.000000
0.346286 0.307429 0.000000
0.362286 0.307429 0.000000
0.380571 0.308571 0.000000
0.441714 0.308571 0.000000
0.453714 0.308571 0.000000
0.472571 0.308571 0.000000
0.487429 0.308571 0.000000
0.426857 0.309143 0.000000
0.394286 0.309714 0.000000
0.418286 0.309714 0.000000
0.408571 0.310286 0.000000
0.201143 0.322857 0.000000
0.236571 0.322857 0.000000
0.247429 0.322857 0.000000
0.185714 0.323429 0.000000
0.221714 0.323429 0.000000
0.157143 0.324000 0.000000
0.170286 0.324000 0.000000
0.261143 0.344571 0.000000
0.171429 0.345143 0.000000
0.187429 0.345143 0.000000
0.270286 0.345143 0.000000
0.200000 0.345714 0.000000
0.250857 0.345714 0.000000
0.282286 0.345714 0.000000
0.296571 0.345714 0.000000
0.158857 0.346286 0.000000
0.211429 0.346286 0.000000
0.237143 0.346286 0.000000
0.220571 0.346857 0.000000
0.311429 0.346857 0.000000
0.328000 0.348000 0.000000
0.340000 0.348571 0.000000
0.356571 0.349143 0.000000
0.369714 0.349714 0.000000
0.404571 0.350286 0.000000
0.383429 0.351429 0.000000
0.418286 0.351429 0.000000
0.433143 0.351429 0.000000
0.448571 0.351429 0.000000
0.464571 0.352000 0.000000
0.476000 0.352000 0.000000
0.162857 0.368571 0.000000
0.179429 0.369714 0.000000
0.208000 0.370286 0.000000
0.226857 0.370286 0.000000
0.193143 0.370857 0.000000
0.307429 0.370857 0.000000
0.241714 0.371429 0.000000
0.292000 0.371429 0.000000
0.320000 0.371429 0.000000
0.337143 0.371429 0.000000
0.495429 0.371429 0.000000
0.507429 0.371429 0.000000
0.348571 0.372000 0.000000
0.361143 0.372000 0.000000
0.479429 0.372000 0.000000
0.257143 0.372571 0.000000
0.457143 0.372571 0.000000
0.271429 0.373143 0.000000
0.282286 0.373143 0.000000
0.380000 0.373143 0.000000
0.410857 0.373143 0.000000
0.425143 0.373143 0.000000
0.440571 0.373143 0.000000
0.393143 0.373714 0.000000
0.420000 0.432571 0.000000
0.253714 0.433143 0.000000
0.319429 0.433143 0.000000
0.336000 0.433143 0.000000
0.405714 0.433143 0.000000
0.433714 0.433143 0.000000
0.446857 0.433143 0.000000
0.215429 0.433714 0.000000
0.227429 0.433714 0.000000
0.242286 0.433714 0.000000
0.265714 0.433714 0.000000
0.356000 0.433714 0.000000
0.372571 0.433714 0.000000
0.389143 0.433714 0.000000
0.189714 0.434286 0.000000
0.202857 0.434286 0.000000
0.284571 0.434286 0.000000
0.301714 0.434286 0.000000
0.461714 0.434286 0.000000
0.482286 0.434857 0.000000
0.176000 0.435429 0.000000
0.498286 0.435429 0.000000
0.164000 0.436000 0.000000
0.512000 0.436571 0.000000
0.524571 0.436571 0.000000
0.536571 0.437143 0.000000
0.390857 0.548571 0.000000
0.404000 0.548571 0.000000
0.376571 0.549143 0.000000
0.366286 0.549714 0.000000
0.418857 0.550857 0.000000
0.356571 0.552571 0.000000
0.436000 0.554286 0.000000
0.346857 0.554857 0.000000
0.336000 0.558857 0.000000
0.449714 0.559429 0.000000
0.325143 0.562857 0.000000
0.460571 0.564000 0.000000
0.389143 0.568571 0.000000
0.377714 0.569714 0.000000
0.401714 0.569714 0.000000
0.470286 0.569714 0.000000
0.416571 0.572000 0.000000
0.362286 0.573714 0.000000
0.428000 0.574286 0.000000
0.351429 0.576571 0.000000
0.479429 0.576571 0.000000
0.438286 0.577714 0.000000
0.342286 0.581143 0.000000
0.389143 0.582286 0.000000
0.400571 0.582286 0.000000
0.452000 0.582286 0.000000
0.380000 0.582857 0.000000
0.369143 0.584000 0.000000
0.414857 0.584571 0.000000
0.333714 0.585143 0.000000
0.490286 0.586857 0.000000
0.360571 0.587429 0.000000
0.353143 0.589714 0.000000
0.433143 0.590286 0.000000
0.467429 0.591429 0.000000
0.322857 0.593143 0.000000
0.345714 0.593714 0.000000
0.498857 0.596571 0.000000
0.445143 0.598857 0.000000
0.334286 0.600000 0.000000
0.312000 0.601714 0.000000
0.477143 0.601714 0.000000
0.454286 0.602286 0.000000
0.324571 0.605714 0.000000
0.461143 0.606286 0.000000
0.304571 0.608000 0.000000
0.488571 0.609143 0.000000
0.512000 0.611429 0.000000
0.469714 0.612571 0.000000
0.317143 0.613143 0.000000
0.477143 0.619429 0.000000
0.293714 0.621143 0.000000
0.309714 0.622286 0.000000
0.389714 0.623429 0.000000
0.522286 0.626286 0.000000
0.284000 0.629143 0.000000
0.301143 0.631429 0.000000
0.508000 0.636571 0.000000
0.528571 0.637714 0.000000
0.296000 0.640000 0.000000
0.494286 0.642286 0.000000
0.276000 0.644000 0.000000
0.289143 0.649143 0.000000
0.533714 0.649714 0.000000
0.333143 0.652571 0.000000
0.511429 0.652571 0.000000
0.498857 0.654857 0.000000
0.538857 0.659429 0.000000
0.285143 0.662857 0.000000
0.504000 0.666286 0.000000
0.518286 0.666286 0.000000
0.282857 0.672000 0.000000
0.542286 0.672571 0.000000
0.505714 0.678857 0.000000
0.520000 0.678857 0.000000
0.281143 0.681714 0.000000
0.389143 0.685714 0.000000
0.542286 0.685714 0.000000
0.508000 0.689143 0.000000
0.280000 0.689714 0.000000
0.520000 0.690286 0.000000
0.280571 0.697143 0.000000
0.544000 0.698286 0.000000
0.520571 0.700000 0.000000
0.509143 0.701714 0.000000
0.521143 0.707429 0.000000
0.280000 0.711429 0.000000
0.509143 0.713143 0.000000
0.543429 0.713143 0.000000
0.521143 0.719429 0.000000
0.282857 0.722857 0.000000
0.507429 0.722857 0.000000
0.545143 0.725714 0.000000
0.520571 0.728571 0.000000
0.286286 0.729714 0.000000
0.289714 0.737143 0.000000
0.504000 0.737143 0.000000
0.541714 0.737714 0.000000
0.516571 0.742857 0.000000
0.292000 0.745143 0.000000
0.453714 0.746857 0.000000
0.536571 0.749143 0.000000
0.513143 0.752571 0.000000
0.497714 0.753714 0.000000
0.282286 0.754286 0.000000
0.297143 0.754857 0.000000
0.533143 0.760571 0.000000
0.492571 0.761143 0.000000
0.508571 0.761714 0.000000
0.288000 0.763429 0.000000
0.303429 0.764000 0.000000
0.309143 0.771429 0.000000
0.486286 0.771429 0.000000
0.501714 0.771429 0.000000
0.525714 0.773143 0.000000
0.294857 0.778286 0.000000
0.479429 0.780571 0.000000
0.317143 0.781143 0.000000
0.397714 0.781143 0.000000
0.276000 0.782286 0.000000
0.493143 0.782286 0.000000
0.302286 0.784571 0.000000
0.469143 0.786857 0.000000
0.514857 0.789714 0.000000
0.326286 0.790857 0.000000
0.284571 0.794286 0.000000
0.481714 0.794857 0.000000
0.310857 0.796000 0.000000
0.336000 0.796000 0.000000
0.454857 0.798286 0.000000
0.507429 0.798286 0.000000
0.346857 0.801143 0.000000
0.475429 0.802286 0.000000
0.444571 0.803429 0.000000
0.321143 0.804571 0.000000
0.294857 0.805143 0.000000
0.356000 0.805714 0.000000
0.329714 0.808000 0.000000
0.434286 0.808000 0.000000
0.466286 0.808571 0.000000
0.364571 0.809143 0.000000
0.497714 0.809143 0.000000
0.337143 0.811429 0.000000
0.374286 0.811429 0.000000
0.422286 0.811429 0.000000
0.384000 0.812571 0.000000
0.413143 0.813143 0.000000
0.303429 0.814286 0.000000
0.453143 0.814857 0.000000
0.393143 0.815429 0.000000
0.402857 0.815429 0.000000
0.347429 0.817714 0.000000
0.445714 0.817714 0.000000
0.488571 0.817714 0.000000
0.358857 0.820571 0.000000
0.315429 0.822857 0.000000
0.368571 0.822857 0.000000
0.379429 0.825143 0.000000
0.414857 0.825143 0.000000
0.428000 0.825143 0.000000
0.390857 0.826857 0.000000
0.478286 0.826857 0.000000
0.402286 0.827429 0.000000
0.329143 0.830857 0.000000
0.465714 0.833714 0.000000
0.339429 0.837714 0.000000
0.455429 0.838286 0.000000
0.441714 0.842857 0.000000
0.352571 0.843429 0.000000
0.365714 0.845714 0.000000
0.428000 0.846286 0.000000
0.380000 0.846857 0.000000
0.396000 0.847429 0.000000
0.411429 0.847429 0.000000
0.302857 0.966286 0.000000
0.337714 0.966286 0.000000
0.349714 0.966286 0.000000
0.371429 0.966286 0.000000
0.381714 0.966286 0.000000
0.420000 0.966286 0.000000
0.427429 0.966286 0.000000
0.321714 0.966857 0.000000
0.327429 0.966857 0.000000
0.357714 0.966857 0.000000
0.400000 0.966857 0.000000
0.438286 0.966857 0.000000
0.444571 0.966857 0.000000
0.464000 0.966857 0.000000
0.058980 0.246531 0.000000
0.080612 0.238367 0.000000
0.311224 0.966716 0.000000
0.293673 0.966307 0.000000
0.454490 0.966716 0.000000
0.472449 0.965899 0.000000
0.483061 0.627162 0.000000
0.361837 0.676958 0.000000
0.337755 0.747570 0.000000
0.398163 0.728795 0.000000
0.425918 0.677366 0.000000
0.447959 0.651244 0.000000
