0
0
0
0
0
0
0
0
0
0
0
0
0
0
0
0
0
0
1
1
1
1
1
1
1
1
1
1
1
1
1
1
1
1
1
1
2
2
2
2
2
2
2
2
2
2
2
2
2
2
2
2
2
2
2
2
3
3
3
3
3
3
3
3
3
3
3
3
3
3
3
3
3
3
3
3
3
4
4
4
4
4
4
4
4
4
4
4
4
4
4
5
5
5
5
5
5
5
5
5
5
5
5
5
5
5
5
5
5
5
5
5
5
5
5
5
5
6
6
6
6
6
6
6
6
6
6
6
6
6
6
6
6
6
6
6
6
6
6
6
6
7
7
7
7
7
7
7
8
8
8
8
8
8
8
8
8
8
8
8
8
8
8
8
8
8
8
8
8
8
8
8
9
9
9
9
9
9
9
9
9
9
9
9
9
9
9
9
9
9
9
9
9
9
9
9
10
10
10
10
10
10
10
10
10
10
10
10
10
10
10
10
10
10
10
10
10
10
10
10
10
10
11
11
11
11
11
11
11
11
11
11
11
11
12
12
12
11
12
12
12
12
11
12
12
13
13
12
13
13
13
12
11
13
13
13
12
12
13
11
13
13
12
12
13
13
13
12
12
11
13
13
13
12
13
14
11
12
13
12
11
13
13
12
13
11
15
12
13
11
13
13
12
13
11
13
12
13
16
11
13
13
12
13
11
12
13
12
13
13
11
12
13
13
11
12
13
13
13
11
12
13
17
11
12
13
12
13
11
13
12
12
13
13
13
12
11
12
13
13
18
11
12
12
13
11
13
11
12
12
13
13
11
13
12
13
12
11
13
12
13
12
13
11
12
13
13
13
13
11
12
13
13
12
12
11
12
11
12
12
12
12
12
11
12
11
11
11
11
11
11
11
11
11
11
11
19
19
19
19
19
19
19
19
19
19
19
19
19
19
20
20
19
19
19
19
13
21
22
23
24
25
