26 30
258 264
99 100
277 286
36 318
259 265
132 133
192 193
173 179
225 226
122 124
317 318
166 167
15 16
88 95
306 308
132 137
292 293
173 174
181 187
233 234
298 299
128 135
147 148
269 272
199 204
280 287
299 300
121 123
213 215
240 241
232 237
181 182
22 27
188 190
58 62
21 22
73 77
162 164
35 41
254 256
124 128
275 288
28 29
136 138
168 170
50 53
228 230
272 273
169 171
153 154
2 3
213 214
261 263
91 99
110 112
154 155
62 319
3 4
246 247
294 296
57 60
160 161
209 212
42 44
180 185
220 221
260 266
10 11
102 103
313 314
231 235
16 18
194 195
227 228
109 111
279 284
320 321
23 25
31 38
282 285
75 81
24 35
297 306
65 319
149 151
278 283
90 92
150 152
20 24
53 57
307 309
5 7
68 72
27 31
149 155
189 191
142 143
234 235
115 116
175 176
72 74
267 268
46 49
208 209
56 322
167 168
248 254
126 139
300 301
197 199
200 201
182 183
52 55
141 142
23 28
274 275
37 39
215 216
174 175
156 157
5 6
126 134
89 94
189 190
238 241
281 282
200 205
163 165
211 214
60 63
104 106
314 315
122 123
45 47
229 231
56 321
70 76
19 21
111 113
41 45
252 255
285 288
178 180
210 212
11 12
232 236
163 164
33 36
233 237
34 37
66 69
185 187
96 97
55 59
18 19
67 70
229 230
280 281
40 43
129 130
203 204
295 296
144 145
195 196
51 322
177 178
47 50
258 261
59 61
269 270
118 119
77 78
48 51
169 170
291 294
54 58
243 244
202 203
125 127
84 86
143 144
114 117
7 9
298 310
29 33
239 242
121 125
25 26
284 286
32 34
302 303
106 108
276 278
250 256
309 311
69 73
80 82
129 133
291 293
54 313
217 218
87 90
176 177
65 71
117 118
279 287
201 206
98 104
301 302
191 192
61 64
150 151
153 156
242 243
290 292
131 137
224 225
183 184
305 308
202 206
165 166
283 289
95 98
216 217
276 277
179 186
157 158
249 250
139 140
257 263
260 268
113 115
39 40
205 207
223 224
146 148
105 107
43 46
315 316
135 138
127 134
316 317
76 79
197 198
289 290
112 114
83 87
131 136
116 120
264 265
160 162
257 262
101 103
12 13
271 273
13 14
64 68
78 88
49 52
97 101
186 188
249 253
82 85
171 172
222 226
223 227
145 146
267 270
208 211
297 307
238 239
119 120
79 84
4 8
303 304
1 2
0 312
244 245
93 94
304 305
108 110
245 246
38 42
86 91
248 251
207 210
8 10
218 219
100 102
71 75
219 220
44 48
255 259
1 6
252 253
15 17
193 194
107 109
67 320
92 93
30 32
262 266
63 66
81 83
14 20
74 80
236 240
85 89
158 159
