513.000250 340.999750 0.000000
606.999750 347.000500 0.000000
622.000750 349.000750 0.000000
639.000250 349.000750 0.000000
658.000000 352.000250 0.000000
580.000750 352.999500 0.000000
590.999500 352.999500 0.000000
566.000750 354.000500 0.000000
678.000750 356.000750 0.000000
546.000000 359.000250 0.000000
702.999500 364.999250 0.000000
718.999750 370.000750 0.000000
735.999250 378.000000 0.000000
749.999250 387.000250 0.000000
765.000250 399.999250 0.000000
634.999750 406.000000 0.000000
613.000500 406.999250 0.000000
650.000750 406.999250 0.000000
592.999750 410.000500 0.000000
574.999250 410.999750 0.000000
779.999500 413.999250 0.000000
559.000750 417.000500 0.000000
543.999750 422.000250 0.000000
611.999500 427.000000 0.000000
791.000000 427.000000 0.000000
634.000500 427.999250 0.000000
644.999250 429.000250 0.000000
529.999750 429.999500 0.000000
592.999750 429.999500 0.000000
574.999250 434.999250 0.000000
664.000750 436.999500 0.000000
518.000000 441.999250 0.000000
676.999750 441.999250 0.000000
550.999750 443.999500 0.000000
692.000750 448.000000 0.000000
807.999500 448.999250 0.000000
538.000750 450.999500 0.000000
704.999750 452.000500 0.000000
499.999500 455.999250 0.000000
720.000750 457.000250 0.000000
737.000250 469.000000 0.000000
819.000000 469.000000 0.000000
487.000500 469.999250 0.000000
739.999750 480.999750 0.000000
480.999750 485.000250 0.000000
828.000250 485.999500 0.000000
751.000250 494.999750 0.000000
833.000000 501.999750 0.000000
466.999750 504.000000 0.000000
753.999750 508.999750 0.000000
837.999750 517.000750 0.000000
462.000000 522.000500 0.000000
760.000500 522.999750 0.000000
842.000250 539.000000 0.000000
471.000250 545.000750 0.000000
765.999500 546.999250 0.000000
450.000250 557.999750 0.000000
842.000250 557.999750 0.000000
469.999250 560.000000 0.000000
765.999500 562.000250 0.000000
844.000500 578.000500 0.000000
765.999500 585.000500 0.000000
469.000000 588.000000 0.000000
842.000250 599.000500 0.000000
763.999250 601.000750 0.000000
475.000750 625.000250 0.000000
837.999750 625.000250 0.000000
459.999750 629.000750 0.000000
755.000750 632.000250 0.000000
833.000000 641.999750 0.000000
468.000750 648.999750 0.000000
487.000500 648.999750 0.000000
746.999750 648.999750 0.000000
826.999250 658.000000 0.000000
737.000250 665.000000 0.000000
499.999500 667.000250 0.000000
476.999250 669.999750 0.000000
821.999500 671.000750 0.000000
812.999250 686.000000 0.000000
490.999250 686.999250 0.000000
718.000500 686.999250 0.000000
518.999250 688.000250 0.000000
702.000250 700.000000 0.000000
536.000500 702.000250 0.000000
504.000000 702.999500 0.000000
688.000250 711.999750 0.000000
520.000250 716.000250 0.000000
559.000750 716.999500 0.000000
793.000250 718.000500 0.000000
662.999750 723.999500 0.000000
580.000750 725.000500 0.000000
536.999750 725.999750 0.000000
599.999750 727.000750 0.000000
618.000250 728.000000 0.000000
639.000250 728.999250 0.000000
779.999500 732.000500 0.000000
697.000500 732.999750 0.000000
679.999250 742.000000 0.000000
767.999750 742.000000 0.000000
564.999750 744.000250 0.000000
590.000250 749.000000 0.000000
657.000750 749.999250 0.000000
609.999250 751.000250 0.000000
632.000250 751.999500 0.000000
756.000000 751.999500 0.000000
494.999750 760.999750 0.000000
744.000250 763.000000 0.000000
513.000250 772.999500 0.000000
728.000000 772.999500 0.000000
527.999500 781.000500 0.000000
711.000500 781.999750 0.000000
543.000500 786.000250 0.000000
693.000000 788.000500 0.000000
557.000500 791.000000 0.000000
676.999750 793.000250 0.000000
574.999250 795.000500 0.000000
590.999500 798.000000 0.000000
660.000250 798.000000 0.000000
644.000000 798.999250 0.000000
629.000750 800.000250 0.000000
609.999250 800.999500 0.000000
454.000750 966.999250 0.000000
515.999750 966.999250 0.000000
483.000000 968.000250 0.000000
536.000500 968.999500 0.000000
427.000000 970.000500 0.000000
329.999250 970.999750 0.000000
389.000500 970.999750 0.000000
559.000750 970.999750 0.000000
744.999500 970.999750 0.000000
760.999750 970.999750 0.000000
641.999750 972.000750 0.000000
681.999500 972.000750 0.000000
707.999250 972.000750 0.000000
357.000000 973.000000 0.000000
578.999750 973.000000 0.000000
620.000500 973.000000 0.000000
660.999500 973.000000 0.000000
604.000250 973.999250 0.000000
310.999500 975.000250 0.000000
289.000250 977.000500 0.000000
445.999750 1003.000250 0.000000
431.999750 1003.999500 0.000000
419.000750 1005.999750 0.000000
384.000750 1008.000000 0.000000
357.999250 1010.000250 0.000000
331.999500 1010.999500 0.000000
286.000750 1014.000750 0.000000
308.999250 1014.000750 0.000000
462.000000 1036.999250 0.000000
525.000000 1038.000250 0.000000
483.000000 1038.999500 0.000000
543.999750 1038.999500 0.000000
389.999750 1040.999750 0.000000
413.000000 1042.000750 0.000000
434.999250 1042.000750 0.000000
361.000500 1045.000250 0.000000
333.000500 1047.999750 0.000000
308.999250 1052.000250 0.000000
289.000250 1054.000500 0.000000
539.999250 1070.000750 0.000000
553.999250 1071.000000 0.000000
527.999500 1071.999250 0.000000
483.999250 1075.000500 0.000000
499.999500 1075.000500 0.000000
454.000750 1077.000750 0.000000
433.000750 1078.000000 0.000000
408.999500 1078.999250 0.000000
380.000250 1080.000250 0.000000
331.000250 1082.999750 0.000000
352.999500 1082.999750 0.000000
310.000250 1085.999250 0.000000
289.999500 1087.999500 0.000000
552.000750 1110.999750 0.000000
583.000250 1110.999750 0.000000
602.000000 1110.999750 0.000000
618.999500 1110.999750 0.000000
637.000000 1110.999750 0.000000
655.999750 1110.999750 0.000000
527.000250 1112.000750 0.000000
674.999500 1112.000750 0.000000
732.999750 1112.000750 0.000000
756.000000 1112.000750 0.000000
777.999250 1112.000750 0.000000
802.000500 1112.000750 0.000000
692.000750 1113.000000 0.000000
496.000750 1113.999250 0.000000
709.999500 1113.999250 0.000000
464.000250 1115.000250 0.000000
420.000000 1115.999500 0.000000
443.999500 1115.999500 0.000000
394.999500 1117.999750 0.000000
373.000250 1120.000000 0.000000
352.999500 1120.999250 0.000000
331.000250 1122.000250 0.000000
308.999250 1124.000500 0.000000
291.000500 1127.000000 0.000000
763.000000 1143.000250 0.000000
781.000500 1143.000250 0.000000
751.000250 1145.000500 0.000000
609.000000 1148.999250 0.000000
630.999250 1148.999250 0.000000
693.000000 1148.999250 0.000000
714.000000 1148.999250 0.000000
734.000750 1148.999250 0.000000
585.999750 1150.000250 0.000000
662.999750 1150.000250 0.000000
562.000250 1150.999500 0.000000
480.999750 1152.000500 0.000000
504.000000 1152.000500 0.000000
541.999500 1152.000500 0.000000
462.000000 1152.999750 0.000000
522.999750 1152.999750 0.000000
419.000750 1154.000750 0.000000
441.999250 1154.000750 0.000000
401.000250 1155.999250 0.000000
389.999750 1157.000250 0.000000
371.999250 1159.999750 0.000000
347.999750 1161.000750 0.000000
333.999750 1162.000000 0.000000
310.999500 1164.000250 0.000000
291.000500 1164.999500 0.000000
844.999750 1176.000000 0.000000
758.000250 1178.000250 0.000000
777.999250 1178.000250 0.000000
798.000000 1178.999500 0.000000
819.000000 1178.999500 0.000000
735.000000 1180.000500 0.000000
711.999750 1183.999250 0.000000
672.000000 1185.000250 0.000000
690.999750 1185.000250 0.000000
651.999250 1185.999500 0.000000
538.000750 1187.999750 0.000000
580.000750 1187.999750 0.000000
604.999500 1187.999750 0.000000
630.000000 1187.999750 0.000000
511.000000 1189.000750 0.000000
559.000750 1189.000750 0.000000
448.000000 1190.999250 0.000000
429.000250 1192.000250 0.000000
487.000500 1192.000250 0.000000
471.000250 1192.999500 0.000000
408.000250 1194.000500 0.000000
387.999500 1194.999750 0.000000
366.000250 1197.000000 0.000000
338.999500 1199.000250 0.000000
310.000250 1199.999500 0.000000
291.999750 1201.000500 0.000000
800.999500 1218.999250 0.000000
720.000750 1220.999500 0.000000
737.000250 1220.999500 0.000000
814.999500 1220.999500 0.000000
672.999250 1222.000500 0.000000
697.999750 1222.000500 0.000000
781.000500 1222.000500 0.000000
648.999750 1222.999750 0.000000
762.000750 1222.999750 0.000000
518.000000 1224.000750 0.000000
574.999250 1224.000750 0.000000
627.000500 1224.000750 0.000000
459.000500 1225.000000 0.000000
553.999250 1225.000000 0.000000
501.999750 1225.999250 0.000000
534.000250 1225.999250 0.000000
595.000000 1225.999250 0.000000
609.999250 1225.999250 0.000000
483.000000 1227.000250 0.000000
406.999250 1229.000500 0.000000
429.000250 1229.000500 0.000000
364.000000 1232.000000 0.000000
378.000000 1232.999250 0.000000
293.000750 1234.000250 0.000000
338.999500 1234.999500 0.000000
314.000750 1236.000500 0.000000
802.999750 1257.000500 0.000000
777.999250 1257.999750 0.000000
525.000000 1259.000750 0.000000
546.999250 1259.000750 0.000000
499.999500 1260.000000 0.000000
630.999250 1260.000000 0.000000
676.000500 1260.000000 0.000000
697.999750 1260.000000 0.000000
721.999250 1260.000000 0.000000
473.000500 1260.999250 0.000000
601.000750 1260.999250 0.000000
746.000500 1260.999250 0.000000
573.000750 1262.000250 0.000000
655.000500 1262.000250 0.000000
765.000250 1262.000250 0.000000
447.000750 1262.999500 0.000000
420.999250 1264.000500 0.000000
359.000250 1267.999250 0.000000
401.000250 1267.999250 0.000000
380.000250 1269.000250 0.000000
338.000250 1269.999500 0.000000
296.999500 1271.000500 0.000000
317.000250 1271.999750 0.000000
714.999250 1694.000000 0.000000
510.000750 1694.999250 0.000000
525.999250 1694.999250 0.000000
550.000500 1694.999250 0.000000
567.999250 1694.999250 0.000000
606.999750 1694.999250 0.000000
623.000000 1694.999250 0.000000
641.000500 1694.999250 0.000000
658.000000 1694.999250 0.000000
695.000250 1694.999250 0.000000
744.000250 1694.999250 0.000000
669.999750 1696.000250 0.000000
769.000750 1696.000250 0.000000
492.857143 1692.566964 0.000000
787.857143 1692.566964 0.000000
502.142857 343.281250 0.000000
479.285714 527.845982 0.000000
482.857143 517.131696 0.000000
491.428571 502.131696 0.000000
499.285714 487.845982 0.000000
512.142857 472.845982 0.000000
524.285714 459.988839 0.000000
472.142857 604.988839 0.000000
451.428571 606.417411 0.000000
451.428571 582.845982 0.000000
453.571429 539.988839 0.000000
