0.293143 0.194857 0.000000
0.346857 0.198286 0.000000
0.355429 0.199429 0.000000
0.365143 0.199429 0.000000
0.376000 0.201143 0.000000
0.331429 0.201714 0.000000
0.337714 0.201714 0.000000
0.323429 0.202286 0.000000
0.387429 0.203429 0.000000
0.312000 0.205143 0.000000
0.401714 0.208571 0.000000
0.410857 0.211429 0.000000
0.420571 0.216000 0.000000
0.428571 0.221143 0.000000
0.437143 0.228571 0.000000
0.362857 0.232000 0.000000
0.350286 0.232571 0.000000
0.371429 0.232571 0.000000
0.338857 0.234286 0.000000
0.328571 0.234857 0.000000
0.445714 0.236571 0.000000
0.319429 0.238286 0.000000
0.310857 0.241143 0.000000
0.349714 0.244000 0.000000
0.452000 0.244000 0.000000
0.362286 0.244571 0.000000
0.368571 0.245143 0.000000
0.302857 0.245714 0.000000
0.338857 0.245714 0.000000
0.328571 0.248571 0.000000
0.379429 0.249714 0.000000
0.296000 0.252571 0.000000
0.386857 0.252571 0.000000
0.314857 0.253714 0.000000
0.395429 0.256000 0.000000
0.461714 0.256571 0.000000
0.307429 0.257714 0.000000
0.402857 0.258286 0.000000
0.285714 0.260571 0.000000
0.411429 0.261143 0.000000
0.421143 0.268000 0.000000
0.468000 0.268000 0.000000
0.278286 0.268571 0.000000
0.422857 0.274857 0.000000
0.274857 0.277143 0.000000
0.473143 0.277714 0.000000
0.429143 0.282857 0.000000
0.476000 0.286857 0.000000
0.266857 0.288000 0.000000
0.430857 0.290857 0.000000
0.478857 0.295429 0.000000
0.264000 0.298286 0.000000
0.434286 0.298857 0.000000
0.481143 0.308000 0.000000
0.269143 0.311429 0.000000
0.437714 0.312571 0.000000
0.257143 0.318857 0.000000
0.481143 0.318857 0.000000
0.268571 0.320000 0.000000
0.437714 0.321143 0.000000
0.482286 0.330286 0.000000
0.437714 0.334286 0.000000
0.268000 0.336000 0.000000
0.481143 0.342286 0.000000
0.436571 0.343429 0.000000
0.271429 0.357143 0.000000
0.478857 0.357143 0.000000
0.262857 0.359429 0.000000
0.431429 0.361143 0.000000
0.476000 0.366857 0.000000
0.267429 0.370857 0.000000
0.278286 0.370857 0.000000
0.426857 0.370857 0.000000
0.472571 0.376000 0.000000
0.421143 0.380000 0.000000
0.285714 0.381143 0.000000
0.272571 0.382857 0.000000
0.469714 0.383429 0.000000
0.464571 0.392000 0.000000
0.280571 0.392571 0.000000
0.410286 0.392571 0.000000
0.296571 0.393143 0.000000
0.401143 0.400000 0.000000
0.306286 0.401143 0.000000
0.288000 0.401714 0.000000
0.393143 0.406857 0.000000
0.297143 0.409143 0.000000
0.319429 0.409714 0.000000
0.453143 0.410286 0.000000
0.378857 0.413714 0.000000
0.331429 0.414286 0.000000
0.306857 0.414857 0.000000
0.342857 0.415429 0.000000
0.353143 0.416000 0.000000
0.365143 0.416571 0.000000
0.445714 0.418286 0.000000
0.398286 0.418857 0.000000
0.388571 0.424000 0.000000
0.438857 0.424000 0.000000
0.322857 0.425143 0.000000
0.337143 0.428000 0.000000
0.375429 0.428571 0.000000
0.348571 0.429143 0.000000
0.361143 0.429714 0.000000
0.432000 0.429714 0.000000
0.282857 0.434857 0.000000
0.425143 0.436000 0.000000
0.293143 0.441714 0.000000
0.416000 0.441714 0.000000
0.301714 0.446286 0.000000
0.406286 0.446857 0.000000
0.310286 0.449143 0.000000
0.396000 0.450286 0.000000
0.318286 0.452000 0.000000
0.386857 0.453143 0.000000
0.328571 0.454286 0.000000
0.337714 0.456000 0.000000
0.377143 0.456000 0.000000
0.368000 0.456571 0.000000
0.359429 0.457143 0.000000
0.348571 0.457714 0.000000
0.259429 0.552571 0.000000
0.294857 0.552571 0.000000
0.276000 0.553143 0.000000
0.306286 0.553714 0.000000
0.244000 0.554286 0.000000
0.188571 0.554857 0.000000
0.222286 0.554857 0.000000
0.319429 0.554857 0.000000
0.425714 0.554857 0.000000
0.434857 0.554857 0.000000
0.366857 0.555429 0.000000
0.389714 0.555429 0.000000
0.404571 0.555429 0.000000
0.204000 0.556000 0.000000
0.330857 0.556000 0.000000
0.354286 0.556000 0.000000
0.377714 0.556000 0.000000
0.345143 0.556571 0.000000
0.177714 0.557143 0.000000
0.165143 0.558286 0.000000
0.254857 0.573143 0.000000
0.246857 0.573714 0.000000
0.239429 0.574857 0.000000
0.219429 0.576000 0.000000
0.204571 0.577143 0.000000
0.189714 0.577714 0.000000
0.163429 0.579429 0.000000
0.176571 0.579429 0.000000
0.264000 0.592571 0.000000
0.300000 0.593143 0.000000
0.276000 0.593714 0.000000
0.310857 0.593714 0.000000
0.222857 0.594857 0.000000
0.236000 0.595429 0.000000
0.248571 0.595429 0.000000
0.206286 0.597143 0.000000
0.190286 0.598857 0.000000
0.176571 0.601143 0.000000
0.165143 0.602286 0.000000
0.308571 0.611429 0.000000
0.316571 0.612000 0.000000
0.301714 0.612571 0.000000
0.276571 0.614286 0.000000
0.285714 0.614286 0.000000
0.259429 0.615429 0.000000
0.247429 0.616000 0.000000
0.233714 0.616571 0.000000
0.217143 0.617143 0.000000
0.189143 0.618857 0.000000
0.201714 0.618857 0.000000
0.177143 0.620571 0.000000
0.165714 0.621714 0.000000
0.315429 0.634857 0.000000
0.333143 0.634857 0.000000
0.344000 0.634857 0.000000
0.353714 0.634857 0.000000
0.364000 0.634857 0.000000
0.374857 0.634857 0.000000
0.301143 0.635429 0.000000
0.385714 0.635429 0.000000
0.418857 0.635429 0.000000
0.432000 0.635429 0.000000
0.444571 0.635429 0.000000
0.458286 0.635429 0.000000
0.395429 0.636000 0.000000
0.283429 0.636571 0.000000
0.405714 0.636571 0.000000
0.265143 0.637143 0.000000
0.240000 0.637714 0.000000
0.253714 0.637714 0.000000
0.225714 0.638857 0.000000
0.213143 0.640000 0.000000
0.201714 0.640571 0.000000
0.189143 0.641143 0.000000
0.176571 0.642286 0.000000
0.166286 0.644000 0.000000
0.436000 0.653143 0.000000
0.446286 0.653143 0.000000
0.429143 0.654286 0.000000
0.348000 0.656571 0.000000
0.360571 0.656571 0.000000
0.396000 0.656571 0.000000
0.408000 0.656571 0.000000
0.419429 0.656571 0.000000
0.334857 0.657143 0.000000
0.378857 0.657143 0.000000
0.321143 0.657714 0.000000
0.274857 0.658286 0.000000
0.288000 0.658286 0.000000
0.309714 0.658286 0.000000
0.264000 0.658857 0.000000
0.298857 0.658857 0.000000
0.239429 0.659429 0.000000
0.252571 0.659429 0.000000
0.229143 0.660571 0.000000
0.222857 0.661143 0.000000
0.212571 0.662857 0.000000
0.198857 0.663429 0.000000
0.190857 0.664000 0.000000
0.177714 0.665143 0.000000
0.166286 0.665714 0.000000
0.482857 0.672000 0.000000
0.433143 0.673143 0.000000
0.444571 0.673143 0.000000
0.456000 0.673714 0.000000
0.468000 0.673714 0.000000
0.420000 0.674286 0.000000
0.406857 0.676571 0.000000
0.384000 0.677143 0.000000
0.394857 0.677143 0.000000
0.372571 0.677714 0.000000
0.307429 0.678857 0.000000
0.331429 0.678857 0.000000
0.345714 0.678857 0.000000
0.360000 0.678857 0.000000
0.292000 0.679429 0.000000
0.319429 0.679429 0.000000
0.256000 0.680571 0.000000
0.245143 0.681143 0.000000
0.278286 0.681143 0.000000
0.269143 0.681714 0.000000
0.233143 0.682286 0.000000
0.221714 0.682857 0.000000
0.209143 0.684000 0.000000
0.193714 0.685143 0.000000
0.177143 0.685714 0.000000
0.166857 0.686286 0.000000
0.457714 0.696571 0.000000
0.411429 0.697714 0.000000
0.421143 0.697714 0.000000
0.465714 0.697714 0.000000
0.384571 0.698286 0.000000
0.398857 0.698286 0.000000
0.446286 0.698286 0.000000
0.370857 0.698857 0.000000
0.435429 0.698857 0.000000
0.296000 0.699429 0.000000
0.328571 0.699429 0.000000
0.358286 0.699429 0.000000
0.262286 0.700000 0.000000
0.316571 0.700000 0.000000
0.286857 0.700571 0.000000
0.305143 0.700571 0.000000
0.340000 0.700571 0.000000
0.348571 0.700571 0.000000
0.276000 0.701143 0.000000
0.232571 0.702286 0.000000
0.245143 0.702286 0.000000
0.208000 0.704000 0.000000
0.216000 0.704571 0.000000
0.167429 0.705143 0.000000
0.193714 0.705714 0.000000
0.179429 0.706286 0.000000
0.458857 0.718286 0.000000
0.444571 0.718857 0.000000
0.300000 0.719429 0.000000
0.312571 0.719429 0.000000
0.285714 0.720000 0.000000
0.360571 0.720000 0.000000
0.386286 0.720000 0.000000
0.398857 0.720000 0.000000
0.412571 0.720000 0.000000
0.270286 0.720571 0.000000
0.343429 0.720571 0.000000
0.426286 0.720571 0.000000
0.327429 0.721143 0.000000
0.374286 0.721143 0.000000
0.437143 0.721143 0.000000
0.255429 0.721714 0.000000
0.240571 0.722286 0.000000
0.205143 0.724571 0.000000
0.229143 0.724571 0.000000
0.217143 0.725143 0.000000
0.193143 0.725714 0.000000
0.169714 0.726286 0.000000
0.181143 0.726857 0.000000
0.408571 0.968000 0.000000
0.291429 0.968571 0.000000
0.300571 0.968571 0.000000
0.314286 0.968571 0.000000
0.324571 0.968571 0.000000
0.346857 0.968571 0.000000
0.356000 0.968571 0.000000
0.366286 0.968571 0.000000
0.376000 0.968571 0.000000
0.397143 0.968571 0.000000
0.425143 0.968571 0.000000
0.382857 0.969143 0.000000
0.439429 0.969143 0.000000
0.281633 0.967181 0.000000
0.450204 0.967181 0.000000
0.286939 0.196161 0.000000
0.273878 0.301626 0.000000
0.275918 0.295504 0.000000
0.280816 0.286932 0.000000
0.285306 0.278769 0.000000
0.292653 0.270198 0.000000
0.299592 0.262851 0.000000
0.269796 0.345708 0.000000
0.257959 0.346524 0.000000
0.257959 0.333055 0.000000
0.259184 0.308565 0.000000
