0
1
1
1
1
1
1
1
1
1
1
1
1
1
1
2
2
2
2
2
1
2
2
3
1
3
3
2
3
3
3
2
3
3
3
1
3
3
2
3
3
1
2
3
2
1
3
1
2
3
1
2
3
1
3
3
2
1
3
3
1
3
3
1
3
3
1
2
3
1
2
3
3
1
3
3
2
1
1
2
3
3
3
3
2
3
2
3
1
3
3
2
3
3
3
1
2
2
1
2
2
2
2
2
1
1
1
1
1
1
1
1
1
1
1
1
1
1
1
1
1
4
4
4
4
4
4
4
4
4
4
4
4
4
4
4
4
4
4
4
4
5
5
5
5
5
5
5
5
6
6
6
6
6
6
6
6
6
6
6
7
7
7
7
7
7
7
7
7
7
7
7
7
8
8
8
8
8
8
8
8
8
8
8
8
8
8
8
8
8
8
8
8
8
8
8
8
9
9
9
9
9
9
9
9
9
9
9
9
9
9
9
9
9
9
9
9
9
9
9
9
9
10
10
10
10
10
10
10
10
10
10
10
10
10
10
10
10
10
10
10
10
10
10
10
10
10
10
11
11
11
11
11
11
11
11
11
11
11
11
11
11
11
11
11
11
11
11
11
11
11
11
11
11
12
12
12
12
12
12
12
12
12
12
12
12
12
12
12
12
12
12
12
12
12
12
12
13
13
13
13
13
13
13
13
13
13
13
13
13
13
13
0
3
3
3
3
3
3
3
2
2
2
