72 73
26 30
67 68
101 106
40 41
8 18
144 159
66 69
76 79
13 17
27 34
24 26
30 39
126 128
57 59
74 75
129 130
102 155
143 156
15 16
116 120
142 148
144 145
38 39
29 36
153 157
0 9
89 93
75 76
123 125
100 105
140 141
143 158
13 21
119 121
42 45
118 119
5 7
22 23
127 131
38 41
77 78
60 62
9 14
151 152
55 56
71 74
16 19
25 31
82 83
98 100
46 47
104 107
97 101
131 133
92 96
45 48
79 80
24 25
105 108
108 113
125 129
20 21
12 17
84 88
5 11
22 27
57 58
44 58
138 141
115 118
132 134
149 150
63 65
56 59
145 146
52 55
31 32
46 51
23 28
112 115
113 114
146 147
134 136
60 61
43 54
86 89
29 37
44 53
14 18
135 137
80 82
70 72
152 153
130 132
1 2
91 97
148 149
136 138
6 10
50 53
43 47
87 90
106 112
2 3
11 15
83 86
88 91
120 123
137 139
3 4
35 36
103 155
61 64
133 135
150 151
142 147
121 124
8 12
1 6
93 98
63 64
32 33
52 54
69 70
48 50
0 10
28 35
68 71
139 140
33 34
4 7
90 95
107 111
124 127
49 51
66 67
114 116
158 159
