468.000750 380.999500 0.000000
557.000500 380.999500 0.000000
590.000250 380.999500 0.000000
618.999500 380.999500 0.000000
646.000250 382.000500 0.000000
700.999250 382.000500 0.000000
525.999250 382.999750 0.000000
672.999250 382.999750 0.000000
333.000500 384.000750 0.000000
450.000250 384.000750 0.000000
501.000500 384.000750 0.000000
728.999250 384.000750 0.000000
312.000500 385.000000 0.000000
270.000500 385.999250 0.000000
417.000500 385.999250 0.000000
760.999750 385.999250 0.000000
786.000250 385.999250 0.000000
294.000000 387.000250 0.000000
378.000000 387.000250 0.000000
812.000000 387.000250 0.000000
226.000250 389.999750 0.000000
247.999500 389.999750 0.000000
555.000250 424.000500 0.000000
594.000750 424.000500 0.000000
375.999750 424.999750 0.000000
391.000750 426.000750 0.000000
340.999750 427.000000 0.000000
529.999750 427.000000 0.000000
618.000250 427.000000 0.000000
709.000250 427.000000 0.000000
319.999750 427.999250 0.000000
420.999250 427.999250 0.000000
461.000750 427.999250 0.000000
497.999250 427.999250 0.000000
517.000750 427.999250 0.000000
650.000750 427.999250 0.000000
681.000250 427.999250 0.000000
735.999250 427.999250 0.000000
275.000250 429.000250 0.000000
301.000000 429.000250 0.000000
233.000250 431.999750 0.000000
254.000250 431.999750 0.000000
751.000250 471.000250 0.000000
373.000250 471.999500 0.000000
597.999500 471.999500 0.000000
720.000750 471.999500 0.000000
305.000500 473.000500 0.000000
331.999500 473.000500 0.000000
686.000000 473.000500 0.000000
242.999750 473.999750 0.000000
662.000500 473.999750 0.000000
268.999500 475.000750 0.000000
424.000500 475.000750 0.000000
634.999750 475.000750 0.000000
399.000000 476.000000 0.000000
452.000500 476.000000 0.000000
478.999500 476.999250 0.000000
518.999250 476.999250 0.000000
560.999250 476.999250 0.000000
504.000000 478.000250 0.000000
623.999250 844.999750 0.000000
604.000250 847.999250 0.000000
660.999500 847.999250 0.000000
571.999750 849.999500 0.000000
585.000500 849.999500 0.000000
552.000750 854.000000 0.000000
627.000500 884.000250 0.000000
650.000750 884.000250 0.000000
676.999750 886.000500 0.000000
609.999250 888.000750 0.000000
592.999750 889.999250 0.000000
707.999250 893.999750 0.000000
569.000250 896.999250 0.000000
545.000750 905.999500 0.000000
739.999750 905.999500 0.000000
765.999500 921.999750 0.000000
793.999500 940.999500 0.000000
644.000000 942.999750 0.000000
627.999750 945.000000 0.000000
809.999750 952.999250 0.000000
825.000750 972.000750 0.000000
625.000250 977.999750 0.000000
840.999250 993.000750 0.000000
851.000500 1015.000000 0.000000
426.000750 1017.999500 0.000000
636.000750 1024.999500 0.000000
861.999250 1038.000250 0.000000
471.000250 1038.999500 0.000000
417.000500 1040.999750 0.000000
868.000000 1052.999500 0.000000
464.999500 1056.000750 0.000000
406.999250 1068.999750 0.000000
702.000250 1073.000250 0.000000
870.999500 1073.000250 0.000000
492.999500 1073.999500 0.000000
457.000250 1075.999750 0.000000
723.000250 1082.000500 0.000000
403.000500 1098.000750 0.000000
875.000000 1101.000250 0.000000
791.999250 1103.999750 0.000000
877.999500 1122.999500 0.000000
399.999250 1127.999250 0.000000
641.999750 1131.999750 0.000000
611.000250 1133.000750 0.000000
821.999500 1134.999250 0.000000
875.999250 1141.999250 0.000000
401.999500 1154.000750 0.000000
819.999250 1162.000000 0.000000
874.000750 1166.000500 0.000000
713.000750 1178.999500 0.000000
557.999750 1180.000500 0.000000
814.999500 1180.000500 0.000000
406.000000 1180.999750 0.000000
872.000500 1180.999750 0.000000
865.999750 1197.000000 0.000000
415.999500 1206.000250 0.000000
854.999250 1220.000250 0.000000
634.999750 1225.999250 0.000000
426.000750 1227.999500 0.000000
438.000500 1246.999250 0.000000
840.999250 1248.000250 0.000000
452.999750 1269.000250 0.000000
637.000000 1274.000000 0.000000
823.000500 1276.000250 0.000000
469.999250 1290.000250 0.000000
807.999500 1295.999250 0.000000
623.000000 1309.999250 0.000000
490.999250 1311.000250 0.000000
641.999750 1311.000250 0.000000
788.999750 1311.999500 0.000000
770.999250 1325.000250 0.000000
511.999250 1325.999500 0.000000
751.999500 1339.000250 0.000000
538.000750 1341.000500 0.000000
728.000000 1350.000750 0.000000
562.999500 1351.000000 0.000000
704.999750 1358.000000 0.000000
585.999750 1360.000250 0.000000
679.000000 1362.999750 0.000000
609.000000 1365.000000 0.000000
630.999250 1367.000250 0.000000
653.999500 1367.999500 0.000000
641.999750 1696.000250 0.000000
499.000250 1696.999500 0.000000
545.000750 1696.999500 0.000000
581.000000 1696.999500 0.000000
592.999750 1696.999500 0.000000
616.000000 1696.999500 0.000000
653.999500 1696.999500 0.000000
678.000750 1696.999500 0.000000
697.000500 1696.999500 0.000000
714.999250 1696.999500 0.000000
734.000750 1698.000500 0.000000
749.000000 1698.000500 0.000000
545.714750 1075.714500 0.000000
622.142500 1129.285500 0.000000
485.000250 1696.294250 0.000000
764.286250 1693.438250 0.000000
515.714500 1697.008250 0.000000
529.999750 1697.008250 0.000000
