0.267429 0.217714 0.000000
0.318286 0.217714 0.000000
0.337143 0.217714 0.000000
0.353714 0.217714 0.000000
0.369143 0.218286 0.000000
0.400571 0.218286 0.000000
0.300571 0.218857 0.000000
0.384571 0.218857 0.000000
0.190286 0.219429 0.000000
0.257143 0.219429 0.000000
0.286286 0.219429 0.000000
0.416571 0.219429 0.000000
0.178286 0.220000 0.000000
0.154286 0.220571 0.000000
0.238286 0.220571 0.000000
0.434857 0.220571 0.000000
0.449143 0.220571 0.000000
0.168000 0.221143 0.000000
0.216000 0.221143 0.000000
0.464000 0.221143 0.000000
0.129143 0.222857 0.000000
0.141714 0.222857 0.000000
0.317143 0.242286 0.000000
0.339429 0.242286 0.000000
0.214857 0.242857 0.000000
0.223429 0.243429 0.000000
0.194857 0.244000 0.000000
0.302857 0.244000 0.000000
0.353143 0.244000 0.000000
0.405143 0.244000 0.000000
0.182857 0.244571 0.000000
0.240571 0.244571 0.000000
0.263429 0.244571 0.000000
0.284571 0.244571 0.000000
0.295429 0.244571 0.000000
0.371429 0.244571 0.000000
0.389143 0.244571 0.000000
0.420571 0.244571 0.000000
0.157143 0.245143 0.000000
0.172000 0.245143 0.000000
0.133143 0.246857 0.000000
0.145143 0.246857 0.000000
0.429143 0.269143 0.000000
0.213143 0.269714 0.000000
0.341714 0.269714 0.000000
0.411429 0.269714 0.000000
0.174286 0.270286 0.000000
0.189714 0.270286 0.000000
0.392000 0.270286 0.000000
0.138857 0.270857 0.000000
0.378286 0.270857 0.000000
0.153714 0.271429 0.000000
0.242286 0.271429 0.000000
0.362857 0.271429 0.000000
0.228000 0.272000 0.000000
0.258286 0.272000 0.000000
0.273714 0.272571 0.000000
0.296571 0.272571 0.000000
0.320571 0.272571 0.000000
0.288000 0.273143 0.000000
0.356571 0.482857 0.000000
0.345143 0.484571 0.000000
0.377714 0.484571 0.000000
0.326857 0.485714 0.000000
0.334286 0.485714 0.000000
0.315429 0.488000 0.000000
0.358286 0.505143 0.000000
0.371429 0.505143 0.000000
0.386857 0.506286 0.000000
0.348571 0.507429 0.000000
0.338857 0.508571 0.000000
0.404571 0.510857 0.000000
0.325143 0.512571 0.000000
0.311429 0.517714 0.000000
0.422857 0.517714 0.000000
0.437714 0.526857 0.000000
0.453714 0.537714 0.000000
0.368000 0.538857 0.000000
0.358857 0.540000 0.000000
0.462857 0.544571 0.000000
0.471429 0.555429 0.000000
0.357143 0.558857 0.000000
0.480571 0.567429 0.000000
0.486286 0.580000 0.000000
0.243429 0.581714 0.000000
0.363429 0.585714 0.000000
0.492571 0.593143 0.000000
0.269143 0.593714 0.000000
0.238286 0.594857 0.000000
0.496000 0.601714 0.000000
0.265714 0.603429 0.000000
0.232571 0.610857 0.000000
0.401143 0.613143 0.000000
0.497714 0.613143 0.000000
0.281714 0.613714 0.000000
0.261143 0.614857 0.000000
0.413143 0.618286 0.000000
0.230286 0.627429 0.000000
0.500000 0.629143 0.000000
0.452571 0.630857 0.000000
0.501714 0.641714 0.000000
0.228571 0.644571 0.000000
0.366857 0.646857 0.000000
0.349143 0.647429 0.000000
0.469714 0.648571 0.000000
0.500571 0.652571 0.000000
0.229714 0.659429 0.000000
0.468571 0.664000 0.000000
0.499429 0.666286 0.000000
0.407429 0.673714 0.000000
0.318857 0.674286 0.000000
0.465714 0.674286 0.000000
0.232000 0.674857 0.000000
0.498286 0.674857 0.000000
0.494857 0.684000 0.000000
0.237714 0.689143 0.000000
0.488571 0.697143 0.000000
0.362857 0.700571 0.000000
0.243429 0.701714 0.000000
0.250286 0.712571 0.000000
0.480571 0.713143 0.000000
0.258857 0.725143 0.000000
0.364000 0.728000 0.000000
0.470286 0.729143 0.000000
0.268571 0.737143 0.000000
0.461714 0.740571 0.000000
0.356000 0.748571 0.000000
0.280571 0.749143 0.000000
0.366857 0.749143 0.000000
0.450857 0.749714 0.000000
0.440571 0.757143 0.000000
0.292571 0.757714 0.000000
0.429714 0.765143 0.000000
0.307429 0.766286 0.000000
0.416000 0.771429 0.000000
0.321714 0.772000 0.000000
0.402857 0.776000 0.000000
0.334857 0.777143 0.000000
0.388000 0.778857 0.000000
0.348000 0.780000 0.000000
0.360571 0.781143 0.000000
0.373714 0.781714 0.000000
0.366857 0.969143 0.000000
0.285143 0.969714 0.000000
0.311429 0.969714 0.000000
0.332000 0.969714 0.000000
0.338857 0.969714 0.000000
0.352000 0.969714 0.000000
0.373714 0.969714 0.000000
0.387429 0.969714 0.000000
0.398286 0.969714 0.000000
0.408571 0.969714 0.000000
0.419429 0.970286 0.000000
0.428000 0.970286 0.000000
0.311837 0.614694 0.000000
0.355510 0.645306 0.000000
0.277143 0.969311 0.000000
0.436735 0.967679 0.000000
0.294694 0.969719 0.000000
0.302857 0.969719 0.000000
