0
0
0
0
0
0
0
0
0
0
0
0
0
0
0
0
0
0
0
0
0
0
1
1
1
1
1
1
1
1
1
1
1
1
1
1
1
1
1
1
1
1
2
2
2
2
2
2
2
2
2
2
2
2
2
2
2
2
2
2
3
3
3
3
3
3
4
4
4
4
4
4
4
4
4
4
4
5
5
4
4
6
4
4
4
7
4
8
4
4
8
4
9
4
10
8
9
4
4
11
4
4
12
12
13
4
4
13
4
14
15
13
4
4
4
4
4
16
4
4
4
4
17
4
4
4
18
4
18
4
4
4
4
4
4
4
4
4
4
4
4
4
19
19
19
19
19
19
19
19
19
19
19
19
20
12
19
19
19
19
