175 184
201 203
55 57
33 36
81 85
260 261
44 45
267 276
108 112
125 128
156 161
46 48
182 189
161 166
40 41
216 221
234 236
256 257
49 53
92 97
270 274
197 198
223 226
185 187
24 26
146 150
50 54
44 47
107 115
147 151
181 183
20 22
225 226
218 220
233 239
112 123
262 263
132 135
94 96
221 231
79 83
110 116
96 99
56 60
88 95
177 185
42 43
35 37
261 276
59 68
133 136
124 133
150 152
165 168
199 200
38 39
254 255
264 265
218 222
122 126
123 125
155 160
131 138
145 149
269 270
193 198
99 106
228 229
118 119
134 137
5 7
22 23
127 131
164 171
271 273
265 266
129 134
169 170
212 214
10 15
13 14
149 155
206 207
45 46
184 186
53 59
160 164
55 56
47 52
136 139
73 80
162 167
202 203
237 243
51 61
234 235
152 156
186 188
106 113
213 215
151 154
240 241
24 25
105 108
64 70
137 140
267 277
139 146
142 145
219 285
12 17
84 88
208 209
40 42
57 58
87 93
135 142
138 141
140 147
158 162
230 233
247 249
30 31
241 242
54 62
82 87
32 34
219 223
26 27
182 183
239 244
167 170
104 111
97 105
8 15
195 204
215 216
25 28
128 132
166 172
211 212
58 64
220 224
4 8
5 6
86 89
70 72
263 268
95 101
89 94
178 181
179 180
65 69
172 174
189 190
28 29
74 81
68 74
224 230
120 121
163 165
266 269
29 30
271 274
222 232
101 107
176 177
80 84
2 3
10 16
115 124
244 247
83 86
205 210
259 275
85 92
117 127
71 75
209 210
72 76
18 20
67 71
43 49
243 248
191 192
98 104
126 129
141 148
61 73
159 163
262 277
9 11
187 188
19 21
196 200
76 82
148 153
93 98
214 217
193 194
32 33
6 14
171 173
201 208
60 67
260 275
0 1
153 158
65 66
113 122
204 206
242 245
225 229
196 202
236 238
37 38
48 50
63 66
194 195
154 159
249 250
4 7
21 23
173 175
178 180
17 19
34 35
264 268
227 228
11 12
75 79
259 272
174 176
111 117
168 169
231 237
