0.101714 0.206286 0.000000
0.092571 0.208000 0.000000
0.087429 0.253143 0.000000
0.103429 0.256000 0.000000
0.225143 0.334857 0.000000
0.201714 0.336000 0.000000
0.182857 0.336571 0.000000
0.213714 0.336571 0.000000
0.246857 0.336571 0.000000
0.427429 0.336571 0.000000
0.286286 0.337143 0.000000
0.437143 0.337143 0.000000
0.448000 0.337143 0.000000
0.160571 0.337714 0.000000
0.172000 0.338286 0.000000
0.266286 0.338286 0.000000
0.294857 0.338286 0.000000
0.461143 0.338857 0.000000
0.566286 0.338857 0.000000
0.472571 0.339429 0.000000
0.558286 0.339429 0.000000
0.484571 0.340000 0.000000
0.536571 0.341143 0.000000
0.514857 0.341714 0.000000
0.193143 0.353143 0.000000
0.214286 0.353714 0.000000
0.177143 0.354857 0.000000
0.162286 0.355429 0.000000
0.229714 0.355429 0.000000
0.245143 0.355429 0.000000
0.258857 0.355429 0.000000
0.267429 0.356571 0.000000
0.457714 0.356571 0.000000
0.443429 0.357143 0.000000
0.480000 0.357143 0.000000
0.496571 0.357143 0.000000
0.430286 0.357714 0.000000
0.512571 0.358286 0.000000
0.528000 0.358857 0.000000
0.537143 0.358857 0.000000
0.241714 0.374857 0.000000
0.226286 0.377143 0.000000
0.253143 0.377143 0.000000
0.260571 0.382286 0.000000
0.472571 0.383429 0.000000
0.490286 0.383429 0.000000
0.506857 0.383429 0.000000
0.460000 0.384571 0.000000
0.520000 0.384571 0.000000
0.274286 0.386286 0.000000
0.532000 0.388000 0.000000
0.180000 0.389143 0.000000
0.446857 0.389143 0.000000
0.283429 0.390857 0.000000
0.544000 0.392000 0.000000
0.216000 0.393714 0.000000
0.208571 0.394286 0.000000
0.225714 0.394857 0.000000
0.237143 0.395429 0.000000
0.292000 0.395429 0.000000
0.201714 0.397143 0.000000
0.162286 0.397714 0.000000
0.555429 0.397714 0.000000
0.501143 0.398286 0.000000
0.250857 0.398857 0.000000
0.477143 0.398857 0.000000
0.491429 0.398857 0.000000
0.194286 0.399429 0.000000
0.300000 0.400571 0.000000
0.462286 0.400571 0.000000
0.260571 0.401143 0.000000
0.185714 0.402857 0.000000
0.272000 0.404571 0.000000
0.151429 0.405714 0.000000
0.309143 0.406857 0.000000
0.176571 0.408000 0.000000
0.281714 0.409714 0.000000
0.232000 0.413143 0.000000
0.490857 0.413143 0.000000
0.166857 0.413714 0.000000
0.142286 0.414286 0.000000
0.316000 0.415429 0.000000
0.292571 0.417714 0.000000
0.158857 0.420571 0.000000
0.136000 0.424000 0.000000
0.325714 0.427429 0.000000
0.153143 0.428000 0.000000
0.304000 0.428000 0.000000
0.128571 0.434286 0.000000
0.146857 0.434857 0.000000
0.221143 0.438857 0.000000
0.492571 0.438857 0.000000
0.333143 0.441143 0.000000
0.314286 0.441714 0.000000
0.141714 0.442286 0.000000
0.123429 0.444571 0.000000
0.137714 0.450857 0.000000
0.341143 0.456000 0.000000
0.320571 0.457714 0.000000
0.133714 0.459429 0.000000
0.275429 0.459429 0.000000
0.118286 0.460571 0.000000
0.544571 0.464571 0.000000
0.178286 0.466857 0.000000
0.324000 0.468571 0.000000
0.342857 0.468571 0.000000
0.130286 0.474857 0.000000
0.113143 0.475429 0.000000
0.344000 0.476000 0.000000
0.413143 0.479429 0.000000
0.306857 0.480000 0.000000
0.327429 0.480571 0.000000
0.342857 0.482857 0.000000
0.128571 0.484571 0.000000
0.145714 0.484571 0.000000
0.111429 0.486857 0.000000
0.309143 0.488000 0.000000
0.328000 0.492571 0.000000
0.480000 0.492571 0.000000
0.497714 0.492571 0.000000
0.214286 0.494857 0.000000
0.229714 0.495429 0.000000
0.128571 0.496000 0.000000
0.344000 0.498286 0.000000
0.113143 0.505714 0.000000
0.344000 0.506286 0.000000
0.130286 0.506857 0.000000
0.326286 0.508571 0.000000
0.342857 0.514286 0.000000
0.130857 0.515429 0.000000
0.180000 0.515429 0.000000
0.322857 0.522857 0.000000
0.340571 0.522857 0.000000
0.116000 0.525143 0.000000
0.133714 0.525714 0.000000
0.337714 0.532000 0.000000
0.118286 0.533143 0.000000
0.137143 0.533143 0.000000
0.316000 0.535429 0.000000
0.122857 0.541714 0.000000
0.141714 0.542286 0.000000
0.313143 0.542857 0.000000
0.332000 0.544000 0.000000
0.229714 0.546286 0.000000
0.494286 0.548571 0.000000
0.328571 0.550286 0.000000
0.127429 0.550857 0.000000
0.149143 0.551429 0.000000
0.303429 0.556571 0.000000
0.323429 0.558857 0.000000
0.132571 0.559429 0.000000
0.160000 0.563429 0.000000
0.138286 0.566857 0.000000
0.293143 0.567429 0.000000
0.166857 0.571429 0.000000
0.313143 0.572571 0.000000
0.144571 0.573714 0.000000
0.234857 0.573714 0.000000
0.281714 0.576000 0.000000
0.177143 0.577714 0.000000
0.305714 0.578857 0.000000
0.152000 0.579429 0.000000
0.270286 0.582857 0.000000
0.188000 0.583429 0.000000
0.298857 0.583429 0.000000
0.199429 0.586857 0.000000
0.162857 0.588000 0.000000
0.258857 0.588000 0.000000
0.214286 0.589714 0.000000
0.229714 0.590286 0.000000
0.242286 0.590857 0.000000
0.285143 0.594286 0.000000
0.177143 0.595429 0.000000
0.276000 0.598857 0.000000
0.186286 0.600571 0.000000
0.267429 0.602286 0.000000
0.194857 0.603429 0.000000
0.201714 0.603429 0.000000
0.379429 0.603429 0.000000
0.361714 0.604000 0.000000
0.370286 0.604571 0.000000
0.389143 0.604571 0.000000
0.409143 0.604571 0.000000
0.398286 0.605143 0.000000
0.260000 0.605714 0.000000
0.214286 0.606857 0.000000
0.250857 0.608000 0.000000
0.228571 0.609143 0.000000
0.240571 0.609143 0.000000
0.428000 0.610286 0.000000
0.443429 0.614286 0.000000
0.458286 0.619429 0.000000
0.465714 0.619429 0.000000
0.382857 0.620571 0.000000
0.396571 0.620571 0.000000
0.408571 0.620571 0.000000
0.133143 0.621143 0.000000
0.357714 0.621143 0.000000
0.369714 0.621143 0.000000
0.112000 0.621714 0.000000
0.122286 0.621714 0.000000
0.164571 0.621714 0.000000
0.144000 0.622286 0.000000
0.153714 0.622857 0.000000
0.421143 0.623429 0.000000
0.226286 0.624000 0.000000
0.432571 0.624000 0.000000
0.446857 0.624000 0.000000
0.184000 0.624571 0.000000
0.201143 0.624571 0.000000
0.218286 0.624571 0.000000
0.496000 0.627429 0.000000
0.486286 0.629714 0.000000
0.506857 0.630857 0.000000
0.473714 0.631429 0.000000
0.521143 0.632000 0.000000
0.533714 0.633143 0.000000
0.460000 0.634857 0.000000
0.232571 0.637143 0.000000
0.183429 0.637714 0.000000
0.253714 0.637714 0.000000
0.545143 0.637714 0.000000
0.220000 0.638857 0.000000
0.172571 0.640000 0.000000
0.268571 0.640000 0.000000
0.149714 0.640571 0.000000
0.162857 0.641143 0.000000
0.109143 0.641714 0.000000
0.122286 0.641714 0.000000
0.135429 0.641714 0.000000
0.281143 0.643429 0.000000
0.557714 0.643429 0.000000
0.203429 0.645143 0.000000
0.293714 0.647429 0.000000
0.490857 0.648000 0.000000
0.501143 0.648000 0.000000
0.479429 0.649143 0.000000
0.568571 0.649143 0.000000
0.466286 0.650857 0.000000
0.303429 0.652000 0.000000
0.245714 0.653714 0.000000
0.234857 0.654857 0.000000
0.220571 0.657143 0.000000
0.582286 0.658857 0.000000
0.314857 0.659429 0.000000
0.208000 0.660000 0.000000
0.494286 0.660000 0.000000
0.325714 0.667429 0.000000
0.593143 0.668571 0.000000
0.333143 0.673714 0.000000
0.340571 0.681143 0.000000
0.501143 0.690286 0.000000
0.454286 0.725143 0.000000
0.163429 0.745714 0.000000
0.225143 0.752571 0.000000
0.242286 0.754857 0.000000
0.486286 0.764571 0.000000
0.501714 0.767429 0.000000
0.456571 0.776000 0.000000
0.298286 0.966857 0.000000
0.317143 0.966857 0.000000
0.327429 0.966857 0.000000
0.371429 0.966857 0.000000
0.381714 0.966857 0.000000
0.396571 0.966857 0.000000
0.404000 0.966857 0.000000
0.416000 0.966857 0.000000
0.346857 0.967429 0.000000
0.388571 0.967429 0.000000
0.426857 0.967429 0.000000
0.433143 0.967429 0.000000
0.448000 0.968000 0.000000
0.283673 0.968189 0.000000
0.457551 0.966964 0.000000
0.440408 0.966964 0.000000
0.306122 0.967781 0.000000
0.336735 0.966964 0.000000
0.361224 0.965332 0.000000
0.495510 0.368571 0.000000
0.278367 0.513686 0.000000
0.446531 0.467194 0.000000
0.446531 0.524745 0.000000
0.497959 0.577398 0.000000
0.538367 0.525969 0.000000
0.573061 0.487602 0.000000
0.194286 0.633029 0.000000
0.243673 0.672379 0.000000
0.246939 0.701358 0.000000
0.197143 0.728297 0.000000
0.197143 0.780950 0.000000
0.297143 0.728705 0.000000
0.293469 0.783399 0.000000
0.243673 0.810338 0.000000
0.244898 0.842991 0.000000
0.505714 0.803010 0.000000
0.549388 0.777704 0.000000
0.592653 0.757704 0.000000
0.551837 0.722602 0.000000
0.422857 0.751173 0.000000
0.514694 0.834439 0.000000
