177.999500 361.000500 0.000000
161.999250 364.000000 0.000000
153.000750 443.000250 0.000000
181.000750 448.000000 0.000000
394.000250 585.999750 0.000000
352.999500 588.000000 0.000000
319.999750 588.999250 0.000000
373.999500 588.999250 0.000000
431.999750 588.999250 0.000000
748.000750 588.999250 0.000000
501.000500 590.000250 0.000000
765.000250 590.000250 0.000000
784.000000 590.000250 0.000000
280.999250 590.999500 0.000000
301.000000 592.000500 0.000000
466.000500 592.000500 0.000000
515.999750 592.000500 0.000000
807.000250 592.999750 0.000000
991.000500 592.999750 0.000000
826.999250 594.000750 0.000000
977.000500 594.000750 0.000000
847.999250 595.000000 0.000000
938.999250 597.000250 0.000000
900.999750 597.999500 0.000000
338.000250 618.000250 0.000000
375.000500 618.999500 0.000000
310.000250 620.999750 0.000000
284.000500 622.000750 0.000000
401.999500 622.000750 0.000000
429.000250 622.000750 0.000000
452.999750 622.000750 0.000000
468.000750 623.999250 0.000000
800.999500 623.999250 0.000000
776.000750 625.000250 0.000000
840.000000 625.000250 0.000000
868.999250 625.000250 0.000000
753.000500 625.999500 0.000000
896.999250 627.000500 0.000000
924.000000 627.999750 0.000000
940.000250 627.999750 0.000000
422.999500 655.999750 0.000000
396.000500 660.000250 0.000000
443.000250 660.000250 0.000000
455.999250 669.000500 0.000000
826.999250 671.000750 0.000000
858.000500 671.000750 0.000000
886.999750 671.000750 0.000000
805.000000 672.999250 0.000000
910.000000 672.999250 0.000000
480.000500 676.000500 0.000000
931.000000 679.000000 0.000000
315.000000 681.000250 0.000000
781.999750 681.000250 0.000000
496.000750 683.999750 0.000000
952.000000 686.000000 0.000000
378.000000 688.999500 0.000000
364.999250 690.000500 0.000000
394.999500 690.999750 0.000000
415.000250 692.000750 0.000000
511.000000 692.000750 0.000000
352.999500 695.000250 0.000000
284.000500 695.999500 0.000000
972.000750 695.999500 0.000000
877.000250 697.000500 0.000000
438.999750 697.999750 0.000000
835.000250 697.999750 0.000000
860.000750 697.999750 0.000000
340.000500 699.000750 0.000000
525.000000 700.999250 0.000000
809.000500 700.999250 0.000000
455.999250 702.000250 0.000000
324.999500 704.999750 0.000000
476.000000 707.999250 0.000000
265.000750 709.999500 0.000000
541.000250 711.999750 0.000000
308.999250 714.000000 0.000000
492.999500 716.999500 0.000000
406.000000 723.000250 0.000000
858.999750 723.000250 0.000000
291.999750 723.999500 0.000000
249.000500 725.000500 0.000000
553.000000 727.000750 0.000000
511.999250 730.999500 0.000000
277.999750 735.999250 0.000000
238.000000 742.000000 0.000000
569.999500 748.000750 0.000000
268.000250 749.000000 0.000000
532.000000 749.000000 0.000000
224.999250 760.000500 0.000000
256.999750 760.999750 0.000000
387.000250 767.999750 0.000000
861.999250 767.999750 0.000000
583.000250 772.000250 0.000000
550.000500 772.999500 0.000000
247.999500 774.000500 0.000000
216.000750 777.999250 0.000000
240.999500 788.999750 0.000000
597.000250 798.000000 0.000000
560.999250 800.999500 0.000000
233.999500 804.000750 0.000000
482.000750 804.000750 0.000000
207.000500 805.999250 0.000000
952.999250 812.999250 0.000000
312.000500 816.999750 0.000000
567.000000 819.999250 0.000000
599.999750 819.999250 0.000000
228.000500 830.999750 0.000000
198.000250 832.000750 0.000000
602.000000 833.000000 0.000000
723.000250 839.000750 0.000000
536.999750 840.000000 0.000000
573.000750 840.999250 0.000000
599.999750 844.999750 0.000000
224.999250 847.999250 0.000000
254.999500 847.999250 0.000000
195.000750 851.999750 0.000000
541.000250 854.000000 0.000000
574.000000 861.999250 0.000000
840.000000 861.999250 0.000000
870.999500 861.999250 0.000000
375.000500 865.999750 0.000000
401.999500 867.000750 0.000000
224.999250 868.000000 0.000000
602.000000 872.000500 0.000000
198.000250 884.999500 0.000000
602.000000 886.000500 0.000000
228.000500 886.999750 0.000000
571.000500 889.999250 0.000000
599.999750 900.000500 0.000000
228.999750 902.000750 0.000000
315.000000 902.000750 0.000000
564.999750 914.999750 0.000000
595.999250 914.999750 0.000000
203.000000 919.000250 0.000000
233.999500 919.999500 0.000000
590.999500 931.000000 0.000000
207.000500 933.000250 0.000000
240.000250 933.000250 0.000000
553.000000 937.000750 0.000000
214.999750 947.999500 0.000000
247.999500 949.000500 0.000000
548.000250 949.999750 0.000000
581.000000 952.000000 0.000000
401.999500 956.000500 0.000000
865.000500 959.999250 0.000000
574.999250 963.000500 0.000000
223.000750 963.999750 0.000000
261.000250 965.000750 0.000000
531.000750 973.999250 0.000000
566.000750 977.999750 0.000000
231.999250 979.000750 0.000000
280.000000 986.000750 0.000000
242.000500 991.999750 0.000000
513.000250 993.000750 0.000000
291.999750 1000.000750 0.000000
548.000250 1001.999250 0.000000
252.999250 1003.999500 0.000000
410.999750 1003.999500 0.000000
492.999500 1008.000000 0.000000
310.000250 1010.999500 0.000000
534.999500 1012.999750 0.000000
266.000000 1014.000750 0.000000
473.000500 1019.999750 0.000000
329.000000 1021.000750 0.000000
522.999750 1021.000750 0.000000
349.000750 1026.999750 0.000000
284.999750 1029.000000 0.000000
452.999750 1029.000000 0.000000
375.000500 1031.999500 0.000000
401.999500 1033.000500 0.000000
424.000500 1033.999750 0.000000
499.000250 1040.000500 0.000000
310.000250 1042.000750 0.000000
483.000000 1047.999750 0.000000
326.000500 1050.999250 0.000000
468.000750 1054.000500 0.000000
340.999750 1056.000750 0.000000
352.999500 1056.000750 0.000000
664.000750 1056.000750 0.000000
632.999500 1057.000000 0.000000
648.000500 1057.999250 0.000000
681.000250 1057.999250 0.000000
716.000250 1057.999250 0.000000
697.000500 1059.000250 0.000000
455.000000 1059.999500 0.000000
375.000500 1061.999750 0.000000
438.999750 1064.000000 0.000000
399.999250 1066.000250 0.000000
420.999250 1066.000250 0.000000
749.000000 1068.000500 0.000000
776.000750 1075.000500 0.000000
802.000500 1084.000750 0.000000
814.999500 1084.000750 0.000000
669.999750 1085.999250 0.000000
693.999250 1085.999250 0.000000
714.999250 1085.999250 0.000000
233.000250 1087.000250 0.000000
625.999500 1087.000250 0.000000
646.999500 1087.000250 0.000000
196.000000 1087.999500 0.000000
214.000500 1087.999500 0.000000
287.999250 1087.999500 0.000000
252.000000 1089.000500 0.000000
268.999500 1089.999750 0.000000
737.000250 1091.000750 0.000000
396.000500 1092.000000 0.000000
756.999250 1092.000000 0.000000
781.999750 1092.000000 0.000000
322.000000 1092.999250 0.000000
352.000250 1092.999250 0.000000
382.000500 1092.999250 0.000000
868.000000 1098.000750 0.000000
851.000500 1101.999500 0.000000
886.999750 1103.999750 0.000000
828.999500 1105.000750 0.000000
912.000250 1106.000000 0.000000
933.999500 1108.000250 0.000000
805.000000 1110.999750 0.000000
406.999250 1115.000250 0.000000
321.000750 1115.999500 0.000000
443.999500 1115.999500 0.000000
954.000250 1115.999500 0.000000
385.000000 1117.999750 0.000000
301.999250 1120.000000 0.000000
469.999250 1120.000000 0.000000
261.999500 1120.999250 0.000000
284.999750 1122.000250 0.000000
191.000250 1122.999500 0.000000
214.000500 1122.999500 0.000000
237.000750 1122.999500 0.000000
492.000250 1126.000750 0.000000
975.999500 1126.000750 0.000000
356.000750 1129.000250 0.000000
513.999500 1133.000750 0.000000
858.999750 1134.000000 0.000000
877.000250 1134.000000 0.000000
839.000750 1136.000250 0.000000
994.999250 1136.000250 0.000000
816.000500 1138.999750 0.000000
531.000750 1141.000000 0.000000
429.999500 1143.999500 0.000000
410.999750 1145.999750 0.000000
385.999250 1150.000250 0.000000
1019.000500 1152.999750 0.000000
550.999750 1154.000750 0.000000
364.000000 1155.000000 0.000000
865.000500 1155.000000 0.000000
569.999500 1168.000750 0.000000
1038.000250 1169.999250 0.000000
583.000250 1178.999500 0.000000
595.999250 1192.000250 0.000000
877.000250 1208.000500 0.000000
795.000500 1269.000250 0.000000
286.000750 1304.999500 0.000000
394.000250 1316.999250 0.000000
424.000500 1320.999750 0.000000
851.000500 1337.999250 0.000000
877.999500 1343.000750 0.000000
798.999250 1358.000000 0.000000
522.000500 1691.999750 0.000000
555.000250 1691.999750 0.000000
573.000750 1691.999750 0.000000
650.000750 1691.999750 0.000000
667.999500 1691.999750 0.000000
693.999250 1691.999750 0.000000
707.000000 1691.999750 0.000000
728.000000 1691.999750 0.000000
606.999750 1693.000750 0.000000
679.999250 1693.000750 0.000000
746.999750 1693.000750 0.000000
758.000250 1693.000750 0.000000
784.000000 1694.000000 0.000000
496.428571 1694.330357 0.000000
800.714286 1692.187500 0.000000
770.714286 1692.187500 0.000000
535.714286 1693.616071 0.000000
589.285714 1692.187500 0.000000
632.142857 1689.330357 0.000000
867.142857 645.000000 0.000000
487.142857 898.950893 0.000000
781.428571 817.589286 0.000000
781.428571 918.303571 0.000000
871.428571 1010.446429 0.000000
942.142857 920.446429 0.000000
1002.857143 853.303571 0.000000
340.000000 1107.801339 0.000000
426.428571 1176.662946 0.000000
432.142857 1227.377232 0.000000
345.000000 1274.520089 0.000000
345.000000 1366.662946 0.000000
520.000000 1275.234375 0.000000
513.571429 1370.948661 0.000000
426.428571 1418.091518 0.000000
428.571429 1475.234375 0.000000
885.000000 1405.267857 0.000000
961.428571 1360.982143 0.000000
1037.142857 1325.982143 0.000000
965.714286 1264.553571 0.000000
740.000000 1314.553571 0.000000
900.714286 1460.267857 0.000000
