0
0
1
1
2
2
2
2
2
3
2
3
3
2
2
2
2
3
3
3
3
3
3
3
4
4
4
4
4
4
4
4
5
5
5
5
5
5
5
5
6
6
6
6
7
7
7
7
7
6
7
6
7
6
7
8
8
8
8
6
8
6
7
9
8
9
9
8
6
9
8
8
8
6
6
8
8
10
11
8
6
6
8
8
6
6
8
8
6
8
12
13
6
8
8
6
8
6
8
8
14
6
15
16
8
6
8
6
6
17
18
8
6
8
19
6
18
8
20
20
21
21
8
6
6
6
8
8
6
8
22
8
6
6
8
6
6
8
8
6
8
8
6
23
24
6
6
8
8
6
6
8
6
8
8
6
6
25
8
8
6
6
8
8
6
8
6
8
8
8
8
6
6
6
6
6
6
6
26
26
26
26
26
26
6
6
6
6
6
26
26
27
27
28
28
28
29
28
28
29
29
29
29
29
28
29
28
28
29
29
29
30
30
31
30
31
31
30
32
33
32
31
32
33
32
33
33
33
33
33
32
31
32
32
34
34
34
31
34
32
35
35
35
31
32
35
36
32
31
32
32
37
38
39
40
40
41
41
42
43
43
43
43
43
43
43
43
43
43
43
43
43
43
43
43
43
43
43
44
45
46
47
48
49
50
33
51
52
53
54
55
56
57
58
59
60
61
62
63
64
