64 69
67 68
43 46
105 107
50 52
25 32
70 73
46 48
40 41
132 133
24 26
44 47
1 8
76 145
111 112
15 16
38 39
80 81
85 86
140 141
53 57
16 17
71 72
7 14
81 82
88 97
108 109
101 103
118 119
12 13
3 10
22 23
21 25
38 41
0 2
51 59
31 35
114 115
109 110
55 56
110 111
54 58
98 100
51 52
142 143
5 9
4 11
78 79
23 24
143 144
83 84
138 139
115 116
1 5
49 134
45 48
72 74
99 101
116 117
126 130
57 58
112 113
89 90
2 6
10 19
28 34
62 66
73 75
26 27
120 135
21 22
141 142
129 131
113 114
89 92
106 108
123 124
121 136
36 40
54 55
102 104
64 65
63 67
146 147
60 61
103 105
87 88
28 29
91 97
93 94
7 18
50 53
29 30
77 79
104 106
121 122
80 84
122 123
0 15
83 86
45 47
62 63
117 118
37 43
94 95
100 102
76 144
74 138
3 4
18 20
95 96
77 145
127 128
36 37
128 129
42 44
59 60
90 93
124 125
133 137
78 146
127 130
8 14
65 66
85 87
30 32
139 140
33 34
120 136
98 99
70 71
125 126
61 68
17 19
11 12
91 96
131 132
6 9
