0.347429 0.181714 0.000000
0.254857 0.182286 0.000000
0.322857 0.182286 0.000000
0.438286 0.182286 0.000000
0.456000 0.182286 0.000000
0.275429 0.182857 0.000000
0.314857 0.182857 0.000000
0.214286 0.183429 0.000000
0.239429 0.183429 0.000000
0.295429 0.183429 0.000000
0.420571 0.183429 0.000000
0.474857 0.183429 0.000000
0.489143 0.183429 0.000000
0.496571 0.183429 0.000000
0.228000 0.184000 0.000000
0.361714 0.184000 0.000000
0.376000 0.184000 0.000000
0.393143 0.184571 0.000000
0.198857 0.185143 0.000000
0.406857 0.185143 0.000000
0.184571 0.185714 0.000000
0.325143 0.202857 0.000000
0.338857 0.202857 0.000000
0.353143 0.203429 0.000000
0.370286 0.204000 0.000000
0.313714 0.205143 0.000000
0.382286 0.205143 0.000000
0.390857 0.205714 0.000000
0.215429 0.206286 0.000000
0.236000 0.206286 0.000000
0.260000 0.206286 0.000000
0.071429 0.207429 0.000000
0.286857 0.207429 0.000000
0.185714 0.208000 0.000000
0.196000 0.208000 0.000000
0.078857 0.208571 0.000000
0.313143 0.228571 0.000000
0.300571 0.229143 0.000000
0.349714 0.229143 0.000000
0.358286 0.229143 0.000000
0.324571 0.229714 0.000000
0.337143 0.229714 0.000000
0.181714 0.230857 0.000000
0.286286 0.230857 0.000000
0.198286 0.231429 0.000000
0.230857 0.231429 0.000000
0.264571 0.232000 0.000000
0.221714 0.232571 0.000000
0.244571 0.232571 0.000000
0.049714 0.244000 0.000000
0.376571 0.252000 0.000000
0.356571 0.252571 0.000000
0.363429 0.252571 0.000000
0.390286 0.252571 0.000000
0.424571 0.252571 0.000000
0.436000 0.252571 0.000000
0.448000 0.252571 0.000000
0.401714 0.253143 0.000000
0.412571 0.253143 0.000000
0.346857 0.253714 0.000000
0.335429 0.254286 0.000000
0.316571 0.255429 0.000000
0.232000 0.256571 0.000000
0.244571 0.256571 0.000000
0.189714 0.257143 0.000000
0.206857 0.257143 0.000000
0.221714 0.257143 0.000000
0.268571 0.257143 0.000000
0.290857 0.257714 0.000000
0.180000 0.258286 0.000000
0.388000 0.347429 0.000000
0.401143 0.347429 0.000000
0.429714 0.356571 0.000000
0.345143 0.358857 0.000000
0.440000 0.362286 0.000000
0.334286 0.366857 0.000000
0.454286 0.500000 0.000000
0.419429 0.526857 0.000000
0.379429 0.528571 0.000000
0.393714 0.529714 0.000000
0.392000 0.550286 0.000000
0.404571 0.550286 0.000000
0.418286 0.550286 0.000000
0.361143 0.552000 0.000000
0.374286 0.552000 0.000000
0.336000 0.552571 0.000000
0.349143 0.553143 0.000000
0.318857 0.554857 0.000000
0.312000 0.556000 0.000000
0.203429 0.556571 0.000000
0.219429 0.556571 0.000000
0.285143 0.556571 0.000000
0.192571 0.557143 0.000000
0.237143 0.557143 0.000000
0.248000 0.557143 0.000000
0.261714 0.557143 0.000000
0.276571 0.557143 0.000000
0.297714 0.557143 0.000000
0.401143 0.569714 0.000000
0.374857 0.570286 0.000000
0.416571 0.571429 0.000000
0.362286 0.573143 0.000000
0.438857 0.582286 0.000000
0.334286 0.584571 0.000000
0.449714 0.586857 0.000000
0.324571 0.590857 0.000000
0.465714 0.595429 0.000000
0.314286 0.596000 0.000000
0.481143 0.610286 0.000000
0.493714 0.624571 0.000000
0.509714 0.658857 0.000000
0.513714 0.669143 0.000000
0.517143 0.689714 0.000000
0.517714 0.702857 0.000000
0.509714 0.743429 0.000000
0.505143 0.754286 0.000000
0.481714 0.786857 0.000000
0.473143 0.794286 0.000000
0.440571 0.808571 0.000000
0.425143 0.816000 0.000000
0.292000 0.968000 0.000000
0.310286 0.968000 0.000000
0.320571 0.968000 0.000000
0.343429 0.968000 0.000000
0.357143 0.968000 0.000000
0.362857 0.968000 0.000000
0.372571 0.968000 0.000000
0.386857 0.968000 0.000000
0.394286 0.968000 0.000000
0.405714 0.968000 0.000000
0.379429 0.968571 0.000000
0.422286 0.968571 0.000000
0.432571 0.968571 0.000000
0.441143 0.968571 0.000000
0.064898 0.240408 0.000000
0.280816 0.968890 0.000000
0.301224 0.968074 0.000000
0.449388 0.966441 0.000000
0.457959 0.385733 0.000000
0.465306 0.392672 0.000000
0.477959 0.422060 0.000000
0.477959 0.433080 0.000000
0.475510 0.459611 0.000000
0.471837 0.473080 0.000000
0.462041 0.492264 0.000000
0.434286 0.518795 0.000000
0.354286 0.518202 0.000000
0.342449 0.513712 0.000000
