608.000750 317.999500 0.000000
445.999750 319.000500 0.000000
564.999750 319.000500 0.000000
767.000500 319.000500 0.000000
798.000000 319.000500 0.000000
482.000750 319.999750 0.000000
550.999750 319.999750 0.000000
375.000500 321.000750 0.000000
419.000750 321.000750 0.000000
517.000750 321.000750 0.000000
735.999250 321.000750 0.000000
830.999750 321.000750 0.000000
856.000250 321.000750 0.000000
868.999250 321.000750 0.000000
399.000000 322.000000 0.000000
632.999500 322.000000 0.000000
658.000000 322.000000 0.000000
688.000250 322.999250 0.000000
347.999750 324.000250 0.000000
711.999750 324.000250 0.000000
322.999250 324.999500 0.000000
569.000250 354.999750 0.000000
592.999750 354.999750 0.000000
618.000250 356.000750 0.000000
648.000500 357.000000 0.000000
548.999500 359.000250 0.000000
669.000500 359.000250 0.000000
683.999750 359.999500 0.000000
377.000750 361.000500 0.000000
413.000000 361.000500 0.000000
455.000000 361.000500 0.000000
125.000750 363.000750 0.000000
501.999750 363.000750 0.000000
324.999500 364.000000 0.000000
343.000000 364.000000 0.000000
137.999750 364.999250 0.000000
548.000250 399.999250 0.000000
525.999250 401.000250 0.000000
611.999500 401.000250 0.000000
627.000500 401.000250 0.000000
567.999250 401.999500 0.000000
590.000250 401.999500 0.000000
317.999500 403.999750 0.000000
501.000500 403.999750 0.000000
347.000500 405.000750 0.000000
403.999750 405.000750 0.000000
462.999250 406.000000 0.000000
387.999500 406.999250 0.000000
427.999250 406.999250 0.000000
86.999500 427.000000 0.000000
658.999250 441.000000 0.000000
623.999250 441.999250 0.000000
636.000750 441.999250 0.000000
683.000500 441.999250 0.000000
742.999250 441.999250 0.000000
763.000000 441.999250 0.000000
784.000000 441.999250 0.000000
702.999500 443.000250 0.000000
721.999250 443.000250 0.000000
606.999750 443.999500 0.000000
587.000750 445.000500 0.000000
553.999250 447.000750 0.000000
406.000000 448.999250 0.000000
427.999250 448.999250 0.000000
331.999500 450.000250 0.000000
361.999750 450.000250 0.000000
387.999500 450.000250 0.000000
469.999250 450.000250 0.000000
508.999750 450.999500 0.000000
315.000000 452.000500 0.000000
679.000000 608.000750 0.000000
702.000250 608.000750 0.000000
751.999500 623.999250 0.000000
604.000250 627.999750 0.000000
770.000000 634.000500 0.000000
585.000500 641.999750 0.000000
795.000500 875.000000 0.000000
734.000750 921.999750 0.000000
664.000750 924.999250 0.000000
688.999500 926.999500 0.000000
686.000000 963.000500 0.000000
707.999250 963.000500 0.000000
732.000500 963.000500 0.000000
632.000250 966.000000 0.000000
655.000500 966.000000 0.000000
588.000000 966.999250 0.000000
611.000250 968.000250 0.000000
557.999750 970.999750 0.000000
546.000000 973.000000 0.000000
356.000750 973.999250 0.000000
384.000750 973.999250 0.000000
499.000250 973.999250 0.000000
336.999250 975.000250 0.000000
415.000250 975.000250 0.000000
434.000000 975.000250 0.000000
457.999500 975.000250 0.000000
483.999250 975.000250 0.000000
520.999500 975.000250 0.000000
702.000250 996.999500 0.000000
655.999750 998.000500 0.000000
728.999250 1000.000750 0.000000
634.000500 1003.000250 0.000000
767.999750 1019.000500 0.000000
585.000500 1022.999250 0.000000
786.999500 1026.999750 0.000000
567.999250 1033.999750 0.000000
814.999500 1042.000750 0.000000
550.000500 1043.000000 0.000000
842.000250 1068.000500 0.000000
863.999500 1092.999250 0.000000
891.999500 1152.999750 0.000000
898.999500 1171.000250 0.000000
905.000250 1206.999500 0.000000
905.999500 1229.999750 0.000000
891.999500 1301.000750 0.000000
884.000250 1320.000500 0.000000
842.999500 1376.999750 0.000000
828.000250 1390.000500 0.000000
770.999250 1414.999250 0.000000
744.000250 1428.000000 0.000000
511.000000 1694.000000 0.000000
543.000500 1694.000000 0.000000
560.999250 1694.000000 0.000000
601.000750 1694.000000 0.000000
625.000250 1694.000000 0.000000
634.999750 1694.000000 0.000000
651.999250 1694.000000 0.000000
676.999750 1694.000000 0.000000
690.000500 1694.000000 0.000000
709.999500 1694.000000 0.000000
664.000750 1694.999250 0.000000
739.000500 1694.999250 0.000000
756.999250 1694.999250 0.000000
772.000250 1694.999250 0.000000
113.571429 420.714286 0.000000
491.428571 1695.558036 0.000000
527.142857 1694.129464 0.000000
786.428571 1691.272321 0.000000
801.428571 675.033482 0.000000
814.285714 687.176339 0.000000
836.428571 738.604911 0.000000
836.428571 757.890625 0.000000
832.142857 804.319196 0.000000
825.714286 827.890625 0.000000
808.571429 861.462054 0.000000
760.000000 907.890625 0.000000
620.000000 906.852679 0.000000
599.285714 898.995536 0.000000
