55 57
64 69
67 68
43 46
50 52
87 89
40 41
49 53
11 14
120 122
137 138
24 26
136 142
133 134
0 7
74 75
122 124
15 16
47 48
56 60
73 76
35 37
127 129
38 39
31 33
86 88
48 49
139 158
112 116
91 93
123 125
143 158
130 149
140 159
71 72
119 121
96 101
81 82
107 110
108 109
12 13
22 23
103 106
9 14
97 99
114 115
45 46
33 35
102 107
81 84
98 100
82 83
51 52
29 31
39 41
23 24
143 144
121 123
138 139
124 149
79 80
72 74
56 57
20 21
51 54
134 141
95 97
8 13
94 150
19 22
53 54
111 114
32 34
99 103
137 142
58 62
89 92
106 108
17 18
115 120
27 28
10 12
36 40
63 67
73 77
156 157
26 29
5 6
133 140
75 77
1 2
34 36
76 78
132 159
84 85
61 62
126 127
1 4
83 86
45 47
117 118
93 96
110 112
94 95
88 91
58 59
3 4
18 20
50 55
116 119
135 141
2 5
63 64
128 129
42 44
59 60
69 70
101 102
10 11
65 66
37 38
85 87
30 32
128 131
43 44
125 126
70 71
135 136
130 131
0 3
17 19
65 68
9 15
144 157
92 150
109 111
7 8
