0.270286 0.217714 0.000000
0.317714 0.218286 0.000000
0.334286 0.218286 0.000000
0.283429 0.219429 0.000000
0.300000 0.219429 0.000000
0.351429 0.219429 0.000000
0.366286 0.220000 0.000000
0.248000 0.221143 0.000000
0.238286 0.222286 0.000000
0.124571 0.222857 0.000000
0.174857 0.223429 0.000000
0.158857 0.224000 0.000000
0.194857 0.224000 0.000000
0.217714 0.224000 0.000000
0.146286 0.224571 0.000000
0.108000 0.226286 0.000000
0.093714 0.226857 0.000000
0.360000 0.297143 0.000000
0.330286 0.300000 0.000000
0.374857 0.300000 0.000000
0.317143 0.302857 0.000000
0.302857 0.306857 0.000000
0.405714 0.313714 0.000000
0.417143 0.328000 0.000000
0.430857 0.354286 0.000000
0.390857 0.367429 0.000000
0.437143 0.370286 0.000000
0.336571 0.386286 0.000000
0.349143 0.388000 0.000000
0.434857 0.389714 0.000000
0.252000 0.399429 0.000000
0.438857 0.404571 0.000000
0.252000 0.415429 0.000000
0.433714 0.420571 0.000000
0.272000 0.453143 0.000000
0.412571 0.459429 0.000000
0.276571 0.464000 0.000000
0.404571 0.470286 0.000000
0.374857 0.485143 0.000000
0.360571 0.488571 0.000000
0.314857 0.491429 0.000000
0.330857 0.496000 0.000000
0.453143 0.520571 0.000000
0.426286 0.521143 0.000000
0.440000 0.521143 0.000000
0.406286 0.523429 0.000000
0.415429 0.523429 0.000000
0.392571 0.524000 0.000000
0.378286 0.524571 0.000000
0.362857 0.525143 0.000000
0.294286 0.526286 0.000000
0.328571 0.526286 0.000000
0.304571 0.526857 0.000000
0.352000 0.526857 0.000000
0.341143 0.528000 0.000000
0.274857 0.528571 0.000000
0.231429 0.530286 0.000000
0.253143 0.530286 0.000000
0.188571 0.530857 0.000000
0.207429 0.530857 0.000000
0.220000 0.530857 0.000000
0.158857 0.533143 0.000000
0.170286 0.533143 0.000000
0.332571 0.547429 0.000000
0.314857 0.548571 0.000000
0.360571 0.548571 0.000000
0.372000 0.549143 0.000000
0.343429 0.549714 0.000000
0.351429 0.549714 0.000000
0.299429 0.550286 0.000000
0.282286 0.551429 0.000000
0.262857 0.553143 0.000000
0.248571 0.554857 0.000000
0.180571 0.556000 0.000000
0.233714 0.556000 0.000000
0.219429 0.556571 0.000000
0.173714 0.557143 0.000000
0.194286 0.557143 0.000000
0.161714 0.558857 0.000000
0.362857 0.561143 0.000000
0.349714 0.562857 0.000000
0.345143 0.662286 0.000000
0.355429 0.662857 0.000000
0.365714 0.663429 0.000000
0.330857 0.664000 0.000000
0.318857 0.666857 0.000000
0.375429 0.667429 0.000000
0.309714 0.668571 0.000000
0.388000 0.673714 0.000000
0.300000 0.674857 0.000000
0.310857 0.680000 0.000000
0.400571 0.684571 0.000000
0.284000 0.689143 0.000000
0.412000 0.700000 0.000000
0.272571 0.705714 0.000000
0.269143 0.712571 0.000000
0.418857 0.716000 0.000000
0.268000 0.719429 0.000000
0.349714 0.725714 0.000000
0.267429 0.727429 0.000000
0.363429 0.727429 0.000000
0.423429 0.727429 0.000000
0.424000 0.736000 0.000000
0.266857 0.737714 0.000000
0.393714 0.739429 0.000000
0.296571 0.740000 0.000000
0.265714 0.747429 0.000000
0.422857 0.750286 0.000000
0.266286 0.754286 0.000000
0.268000 0.764000 0.000000
0.419429 0.765143 0.000000
0.269714 0.770857 0.000000
0.414286 0.778286 0.000000
0.377714 0.778857 0.000000
0.272571 0.780000 0.000000
0.277143 0.787429 0.000000
0.408571 0.790286 0.000000
0.350857 0.792000 0.000000
0.342857 0.793714 0.000000
0.404571 0.797143 0.000000
0.288571 0.800571 0.000000
0.398857 0.803429 0.000000
0.294286 0.808000 0.000000
0.386857 0.813143 0.000000
0.305714 0.817714 0.000000
0.377714 0.818286 0.000000
0.369714 0.821143 0.000000
0.361714 0.824000 0.000000
0.344571 0.825143 0.000000
0.352571 0.825143 0.000000
0.324000 0.825714 0.000000
0.331429 0.828000 0.000000
0.296571 0.969143 0.000000
0.322857 0.969143 0.000000
0.340000 0.969143 0.000000
0.369714 0.969143 0.000000
0.378857 0.969143 0.000000
0.393143 0.969143 0.000000
0.400000 0.969143 0.000000
0.411429 0.969143 0.000000
0.314286 0.969714 0.000000
0.350857 0.969714 0.000000
0.385714 0.969714 0.000000
0.426857 0.969714 0.000000
0.441143 0.969714 0.000000
0.302041 0.368099 0.000000
0.345714 0.342793 0.000000
0.391837 0.416263 0.000000
0.345306 0.441977 0.000000
0.312245 0.821588 0.000000
0.275510 0.694241 0.000000
0.306531 0.708935 0.000000
0.342857 0.690159 0.000000
0.379184 0.706486 0.000000
0.309796 0.776282 0.000000
0.302041 0.420364 0.000000
0.450612 0.969305 0.000000
0.446122 0.968897 0.000000
0.419184 0.968080 0.000000
0.304082 0.968884 0.000000
