473.000500 380.999500 0.000000
555.999500 382.000500 0.000000
585.000500 382.000500 0.000000
496.000750 384.000750 0.000000
525.000000 384.000750 0.000000
615.000750 384.000750 0.000000
641.000500 385.000000 0.000000
434.000000 387.000250 0.000000
417.000500 389.000500 0.000000
217.999250 389.999750 0.000000
305.999750 391.000750 0.000000
277.999750 392.000000 0.000000
340.999750 392.000000 0.000000
380.999500 392.000000 0.000000
256.000500 392.999250 0.000000
189.000000 396.000500 0.000000
163.999500 396.999750 0.000000
630.000000 520.000250 0.000000
578.000500 525.000000 0.000000
655.999750 525.000000 0.000000
555.000250 529.999750 0.000000
529.999750 536.999750 0.000000
709.999500 548.999500 0.000000
730.000250 574.000000 0.000000
753.999750 620.000500 0.000000
683.999750 643.000750 0.000000
765.000250 648.000500 0.000000
588.999250 676.000500 0.000000
611.000250 679.000000 0.000000
760.999750 681.999500 0.000000
441.000000 699.000750 0.000000
767.999750 707.999250 0.000000
441.000000 727.000750 0.000000
758.999500 735.999250 0.000000
476.000000 793.000250 0.000000
721.999250 804.000750 0.000000
483.999250 812.000000 0.000000
707.999250 823.000500 0.000000
655.999750 849.000250 0.000000
630.999250 854.999250 0.000000
550.999750 860.000750 0.000000
578.999750 868.000000 0.000000
793.000250 910.999250 0.000000
746.000500 912.000250 0.000000
770.000000 912.000250 0.000000
711.000500 916.000750 0.000000
727.000750 916.000750 0.000000
686.999250 917.000000 0.000000
662.000500 917.999250 0.000000
634.999750 919.000250 0.000000
515.000500 921.000500 0.000000
574.999250 921.000500 0.000000
532.999250 921.999750 0.000000
616.000000 921.999750 0.000000
597.000250 924.000000 0.000000
480.999750 924.999250 0.000000
405.000750 928.000500 0.000000
443.000250 928.000500 0.000000
329.999250 928.999750 0.000000
363.000750 928.999750 0.000000
385.000000 928.999750 0.000000
277.999750 933.000250 0.000000
298.000500 933.000250 0.000000
581.999250 958.000750 0.000000
550.999750 959.999250 0.000000
630.999250 959.999250 0.000000
651.000000 961.000250 0.000000
601.000750 961.999500 0.000000
615.000750 961.999500 0.000000
524.000750 963.000500 0.000000
494.000500 965.000750 0.000000
459.999750 968.000250 0.000000
434.999250 970.999750 0.000000
315.999250 973.000000 0.000000
408.999500 973.000000 0.000000
384.000750 973.999250 0.000000
303.999500 975.000250 0.000000
340.000500 975.000250 0.000000
282.999500 977.999750 0.000000
634.999750 982.000250 0.000000
611.999500 984.999750 0.000000
604.000250 1159.000500 0.000000
622.000750 1159.999750 0.000000
639.999500 1161.000750 0.000000
578.999750 1162.000000 0.000000
557.999750 1166.999750 0.000000
657.000750 1168.000750 0.000000
541.999500 1169.999250 0.000000
679.000000 1178.999500 0.000000
525.000000 1180.999750 0.000000
543.999750 1190.000000 0.000000
700.999250 1197.999250 0.000000
497.000000 1206.000250 0.000000
721.000000 1225.000000 0.000000
476.999250 1234.999500 0.000000
471.000250 1246.999250 0.000000
732.999750 1253.000000 0.000000
469.000000 1259.000750 0.000000
611.999500 1269.999500 0.000000
468.000750 1273.000750 0.000000
636.000750 1273.000750 0.000000
741.000750 1273.000750 0.000000
742.000000 1288.000000 0.000000
466.999750 1290.999500 0.000000
688.999500 1294.000750 0.000000
518.999250 1295.000000 0.000000
464.999500 1308.000750 0.000000
739.999750 1313.000500 0.000000
466.000500 1320.000500 0.000000
469.000000 1337.000000 0.000000
734.000750 1339.000250 0.000000
471.999500 1348.999750 0.000000
725.000500 1362.000500 0.000000
660.999500 1362.999750 0.000000
476.999250 1365.000000 0.000000
485.000250 1378.000750 0.000000
714.999250 1383.000500 0.000000
613.999750 1386.000000 0.000000
599.999750 1388.999500 0.000000
707.999250 1395.000250 0.000000
504.999250 1400.999250 0.000000
697.999750 1406.000750 0.000000
515.000500 1414.000000 0.000000
676.999750 1423.000250 0.000000
534.999500 1430.999500 0.000000
660.999500 1432.000500 0.000000
646.999500 1437.000250 0.000000
632.999500 1442.000000 0.000000
602.999250 1444.000250 0.000000
616.999250 1444.000250 0.000000
567.000000 1444.999500 0.000000
580.000750 1449.000000 0.000000
518.999250 1696.000250 0.000000
564.999750 1696.000250 0.000000
595.000000 1696.000250 0.000000
646.999500 1696.000250 0.000000
662.999750 1696.000250 0.000000
688.000250 1696.000250 0.000000
700.000000 1696.000250 0.000000
720.000750 1696.000250 0.000000
550.000500 1696.999500 0.000000
613.999750 1696.999500 0.000000
674.999500 1696.999500 0.000000
746.999750 1696.999500 0.000000
772.000250 1696.999500 0.000000
528.571750 644.173250 0.000000
604.999500 599.887750 0.000000
685.714750 728.460250 0.000000
604.285500 773.459750 0.000000
546.428750 1437.779000 0.000000
482.142500 1214.921750 0.000000
536.429250 1240.636250 0.000000
599.999750 1207.778250 0.000000
663.572000 1236.350500 0.000000
542.143000 1358.493500 0.000000
528.571750 735.637000 0.000000
788.571000 1696.283750 0.000000
780.713500 1695.569750 0.000000
733.572000 1694.140000 0.000000
532.143500 1695.547000 0.000000
