0
0
0
0
0
0
0
0
0
0
0
0
0
0
0
0
0
1
1
1
1
1
1
1
1
2
1
3
3
1
1
1
1
1
1
1
1
1
1
1
1
1
4
4
4
4
4
4
4
4
4
4
4
4
4
4
4
4
4
4
4
4
4
5
5
5
5
5
5
5
5
5
5
5
5
5
5
5
5
6
6
7
7
7
7
7
7
7
7
7
8
7
7
7
7
7
7
7
9
7
9
7
7
7
10
11
7
7
7
7
7
7
7
12
7
7
7
13
13
7
7
7
7
7
7
7
7
7
7
7
7
7
14
14
14
14
14
14
14
14
14
14
14
14
14
15
16
17
18
7
7
19
20
21
22
23
14
14
14
14
